epoch,batch_idx,phase,batch_size,batch_MSE,batch_RMSE,epoch_MSE,epoch_RMSE
1,0,val,16,0.2688571018739784,0.5185143217636118,0.2572471959939312,0.5071954218976461
1,1,val,14,0.24563729011388402,0.49561808896960574,0.2572471959939312,0.5071954218976461
1,-1,val,30,0.2572471959939312,0.5071954218976461,0.2572471959939312,0.5071954218976461
2,0,val,16,0.24944782433728063,0.49944751910213814,0.25196505128137475,0.5019612049564933
2,1,val,14,0.25448227822546887,0.5044623655194398,0.25196505128137475,0.5019612049564933
2,-1,val,30,0.25196505128137475,0.5019612049564933,0.25196505128137475,0.5019612049564933
3,0,val,16,0.24041441692438753,0.49032072863013604,0.2460423298605757,0.4960265414880293
3,1,val,14,0.25167024279676387,0.5016674623660218,0.2460423298605757,0.4960265414880293
3,-1,val,30,0.2460423298605757,0.4960265414880293,0.2460423298605757,0.4960265414880293
4,0,val,16,0.2458870669536728,0.49587001013740767,0.2392273555275401,0.48910873589370707
4,1,val,14,0.23256764410140737,0.4822526766140416,0.2392273555275401,0.48910873589370707
4,-1,val,30,0.2392273555275401,0.48910873589370707,0.2392273555275401,0.48910873589370707
5,0,val,16,0.23647459140431396,0.48628653220535933,0.23359427836610208,0.4833159198351551
5,1,val,14,0.23071396532789024,0.4803269358758576,0.23359427836610208,0.4833159198351551
5,-1,val,30,0.23359427836610208,0.4833159198351551,0.23359427836610208,0.4833159198351551
6,0,val,16,0.2225750785203438,0.4717786329629012,0.22837689841362008,0.4778879559202346
6,1,val,14,0.23417871830689632,0.48392015695452933,0.22837689841362008,0.4778879559202346
6,-1,val,30,0.22837689841362008,0.4778879559202346,0.22837689841362008,0.4778879559202346
7,0,val,16,0.23132879544188095,0.48096652216332164,0.2216593467003972,0.47080712261009516
7,1,val,14,0.21198989795891343,0.46042360708255764,0.2216593467003972,0.47080712261009516
7,-1,val,30,0.2216593467003972,0.47080712261009516,0.2216593467003972,0.47080712261009516
8,0,val,16,0.21496549734034734,0.4636437181072848,0.2168303604849365,0.4656504702939067
8,1,val,14,0.21869522362952568,0.46764861127723417,0.2168303604849365,0.4656504702939067
8,-1,val,30,0.2168303604849365,0.4656504702939067,0.2168303604849365,0.4656504702939067
9,0,val,16,0.21562661749606712,0.4643561321831199,0.21088056189562138,0.4592173362315728
9,1,val,14,0.20613450629517566,0.4540203809248828,0.21088056189562138,0.4592173362315728
9,-1,val,30,0.21088056189562138,0.4592173362315728,0.21088056189562138,0.4592173362315728
10,0,val,16,0.19937447972268324,0.44651369488816717,0.20622993665059136,0.4541254635567041
10,1,val,14,0.21308539357849945,0.4616117346629085,0.20622993665059136,0.4541254635567041
10,-1,val,30,0.20622993665059136,0.4541254635567041,0.20622993665059136,0.4541254635567041
11,0,val,16,0.1894299829024475,0.4352355487577359,0.20123819507407092,0.448595803674166
11,1,val,14,0.21304640724569435,0.4615695042414461,0.20123819507407092,0.448595803674166
11,-1,val,30,0.20123819507407092,0.448595803674166,0.20123819507407092,0.448595803674166
12,0,val,16,0.19297404491780584,0.4392881115143066,0.19538766425947973,0.44202676871370555
12,1,val,14,0.19780128360115365,0.44474856222494263,0.19538766425947973,0.44202676871370555
12,-1,val,30,0.19538766425947973,0.44202676871370555,0.19538766425947973,0.44202676871370555
13,0,val,16,0.1827443266942405,0.4274860543856846,0.19062523165124218,0.43660649520047473
13,1,val,14,0.19850613660824387,0.44554027495642173,0.19062523165124218,0.43660649520047473
13,-1,val,30,0.19062523165124218,0.43660649520047473,0.19062523165124218,0.43660649520047473
14,0,val,16,0.19328310419689693,0.4396397436502948,0.18450193395321624,0.42953688311158594
14,1,val,14,0.17572076370953557,0.4191906054643109,0.18450193395321624,0.42953688311158594
14,-1,val,30,0.18450193395321624,0.42953688311158594,0.18450193395321624,0.42953688311158594
15,0,val,16,0.1905944503414288,0.4365712431452956,0.1794211301483341,0.4235813146827113
15,1,val,14,0.16824780995523944,0.4101802164357021,0.1794211301483341,0.4235813146827113
15,-1,val,30,0.1794211301483341,0.4235813146827113,0.1794211301483341,0.4235813146827113
16,0,val,16,0.17737547723886732,0.42115968140227683,0.17519516887344933,0.41856321968544885
16,1,val,14,0.17301486050803133,0.4159505505562306,0.17519516887344933,0.41856321968544885
16,-1,val,30,0.17519516887344933,0.41856321968544885,0.17519516887344933,0.41856321968544885
17,0,val,16,0.17097547001385016,0.4134918016283396,0.17058064082430882,0.4130140927671946
17,1,val,14,0.17018581163476748,0.4125358307283956,0.17058064082430882,0.4130140927671946
17,-1,val,30,0.17058064082430882,0.4130140927671946,0.17058064082430882,0.4130140927671946
18,0,val,16,0.17373496252862844,0.41681526187104573,0.16539769571477073,0.40669115519613985
18,1,val,14,0.157060428900913,0.39630850218095626,0.16539769571477073,0.40669115519613985
18,-1,val,30,0.16539769571477073,0.40669115519613985,0.16539769571477073,0.40669115519613985
19,0,val,16,0.14810826220265286,0.384848362608772,0.16231071148754153,0.40287803549900997
19,1,val,14,0.1765131607724302,0.4201346936072171,0.16231071148754153,0.40287803549900997
19,-1,val,30,0.16231071148754153,0.40287803549900997,0.16231071148754153,0.40287803549900997
20,0,val,16,0.14591156805923583,0.3819837274796347,0.1576235393743367,0.39701831113229114
20,1,val,14,0.16933551068943756,0.41150396193650135,0.1576235393743367,0.39701831113229114
20,-1,val,30,0.1576235393743367,0.39701831113229114,0.1576235393743367,0.39701831113229114
21,0,val,16,0.1641363049607994,0.4051373902280551,0.15156418359819293,0.38931244983713653
21,1,val,14,0.13899206223558647,0.3728163921229678,0.15156418359819293,0.38931244983713653
21,-1,val,30,0.15156418359819293,0.38931244983713653,0.15156418359819293,0.38931244983713653
22,0,val,16,0.14980084716420214,0.3870411440198602,0.14793621957248856,0.3846247776372299
22,1,val,14,0.146071591980775,0.3821931343977479,0.14793621957248856,0.3846247776372299
22,-1,val,30,0.14793621957248856,0.3846247776372299,0.14793621957248856,0.3846247776372299
23,0,val,16,0.14283657608504405,0.3779372647477939,0.1439088058128719,0.37935314129827885
23,1,val,14,0.14498103554069977,0.3807637529239092,0.1439088058128719,0.37935314129827885
23,-1,val,30,0.1439088058128719,0.37935314129827885,0.1439088058128719,0.37935314129827885
24,0,val,16,0.13871906418275542,0.3724500828067507,0.13982265836887353,0.37392868085889525
24,1,val,14,0.1409262525549916,0.3754014551849681,0.13982265836887353,0.37392868085889525
24,-1,val,30,0.13982265836887353,0.37392868085889525,0.13982265836887353,0.37392868085889525
25,0,val,16,0.1285372530848954,0.3585209241939658,0.13630055153786616,0.3691890457988511
25,1,val,14,0.14406384999083693,0.37955743964627664,0.13630055153786616,0.3691890457988511
25,-1,val,30,0.13630055153786616,0.3691890457988511,0.13630055153786616,0.3691890457988511
26,0,val,16,0.12437481544978737,0.35266813784319584,0.13247784712697103,0.36397506388071565
26,1,val,14,0.1405808788041547,0.3749411671237965,0.13247784712697103,0.36397506388071565
26,-1,val,30,0.13247784712697103,0.36397506388071565,0.13247784712697103,0.36397506388071565
27,0,val,16,0.13238263641971676,0.36384424747371885,0.12787979610416053,0.35760284689045824
27,1,val,14,0.12337695578860432,0.35125055984098347,0.12787979610416053,0.35760284689045824
27,-1,val,30,0.12787979610416053,0.35760284689045824,0.12787979610416053,0.35760284689045824
28,0,val,16,0.12581646135494767,0.3547061619917924,0.12444842684283675,0.3527724859492825
28,1,val,14,0.12308039233072583,0.3508281521353807,0.12444842684283675,0.3527724859492825
28,-1,val,30,0.12444842684283675,0.3527724859492825,0.12444842684283675,0.3527724859492825
29,0,val,16,0.11737888637166913,0.3426060220890303,0.12126914790694246,0.34823720063620783
29,1,val,14,0.1251594094422158,0.35377875776000994,0.12126914790694246,0.34823720063620783
29,-1,val,30,0.12126914790694246,0.34823720063620783,0.12126914790694246,0.34823720063620783
30,0,val,16,0.12058326845532244,0.347251016492857,0.11738710645862789,0.34261801829242416
30,1,val,14,0.11419094446193334,0.33792150636195584,0.11738710645862789,0.34261801829242416
30,-1,val,30,0.11738710645862789,0.34261801829242416,0.11738710645862789,0.34261801829242416
31,0,val,16,0.11281629561878352,0.33588137134825374,0.11437567406165045,0.33819472802166867
31,1,val,14,0.11593505250451737,0.34049236776250563,0.11437567406165045,0.33819472802166867
31,-1,val,30,0.11437567406165045,0.33819472802166867,0.11437567406165045,0.33819472802166867
32,0,val,16,0.1137399572777138,0.3372535504301086,0.11085224599622258,0.3329448092345375
32,1,val,14,0.10796453471473136,0.3285795713594066,0.11085224599622258,0.3329448092345375
32,-1,val,30,0.11085224599622258,0.3329448092345375,0.11085224599622258,0.3329448092345375
33,0,val,16,0.10603821811486551,0.3256350996358739,0.10803968554767263,0.32869390859532616
33,1,val,14,0.11004115298047976,0.33172451368640177,0.10803968554767263,0.32869390859532616
33,-1,val,30,0.10803968554767263,0.32869390859532616,0.10803968554767263,0.32869390859532616
34,0,val,16,0.10685169538637869,0.32688177585539807,0.10473348132681398,0.3236255263832165
34,1,val,14,0.10261526726724927,0.3203361785175837,0.10473348132681398,0.3236255263832165
34,-1,val,30,0.10473348132681398,0.3236255263832165,0.10473348132681398,0.3236255263832165
35,0,val,16,0.11877129099369639,0.34463210963822916,0.10071869556451574,0.3173620890473778
35,1,val,14,0.08266610013533508,0.2875171301598134,0.10071869556451574,0.3173620890473778
35,-1,val,30,0.10071869556451574,0.3173620890473778,0.10071869556451574,0.3173620890473778
36,0,val,16,0.1100803164346967,0.3317835385227795,0.09827575085473068,0.3134896343656847
36,1,val,14,0.08647118527476466,0.294059832814284,0.09827575085473068,0.3134896343656847
36,-1,val,30,0.09827575085473068,0.3134896343656847,0.09827575085473068,0.3134896343656847
37,0,val,16,0.0959971133514277,0.309834009352472,0.09630404511453616,0.3103289305149234
37,1,val,14,0.09661097687764461,0.3108230636192311,0.09630404511453616,0.3103289305149234
37,-1,val,30,0.09630404511453616,0.3103289305149234,0.09630404511453616,0.3103289305149234
38,0,val,16,0.08735226522455826,0.29555416631229925,0.0940638784917339,0.30669835097654813
38,1,val,14,0.10077549175890951,0.31745155812959797,0.0940638784917339,0.30669835097654813
38,-1,val,30,0.0940638784917339,0.30669835097654813,0.0940638784917339,0.30669835097654813
39,0,val,16,0.08932629701787895,0.29887505251840435,0.09117854089423197,0.3019578462206802
39,1,val,14,0.09303078477058498,0.3050094830830428,0.09117854089423197,0.3019578462206802
39,-1,val,30,0.09117854089423197,0.3019578462206802,0.09117854089423197,0.3019578462206802
40,0,val,16,0.0880829692099587,0.29678775111173084,0.08863631585900776,0.2977185178301944
40,1,val,14,0.08918966250805682,0.2986463837183649,0.08863631585900776,0.2977185178301944
40,-1,val,30,0.08863631585900776,0.2977185178301944,0.08863631585900776,0.2977185178301944
41,0,val,16,0.08585870912271493,0.29301656800036907,0.08628994745668021,0.2937515063053809
41,1,val,14,0.0867211857906455,0.29448461044789,0.08628994745668021,0.2937515063053809
41,-1,val,30,0.08628994745668021,0.2937515063053809,0.08628994745668021,0.2937515063053809
42,0,val,16,0.0969657242817039,0.3113931988366218,0.08310142055154102,0.28827317001681063
42,1,val,14,0.06923711682137813,0.2631294677936664,0.08310142055154102,0.28827317001681063
42,-1,val,30,0.08310142055154102,0.28827317001681063,0.08310142055154102,0.28827317001681063
43,0,val,16,0.08403882080532972,0.2898944994395887,0.08175719515021371,0.2859321513055391
43,1,val,14,0.07947556949509768,0.28191411723270915,0.08175719515021371,0.2859321513055391
43,-1,val,30,0.08175719515021371,0.2859321513055391,0.08175719515021371,0.2859321513055391
44,0,val,16,0.0679159351129751,0.2606068592976307,0.08075874710406292,0.28418083521599924
44,1,val,14,0.09360155909515074,0.30594371883591714,0.08075874710406292,0.28418083521599924
44,-1,val,30,0.08075874710406292,0.28418083521599924,0.08075874710406292,0.28418083521599924
45,0,val,16,0.07824338639387884,0.2797201930391849,0.07798010462903496,0.2792491801761197
45,1,val,14,0.07771682286419108,0.27877737150671156,0.07798010462903496,0.2792491801761197
45,-1,val,30,0.07798010462903496,0.2792491801761197,0.07798010462903496,0.2792491801761197
46,0,val,16,0.06161486323276808,0.24822341394954683,0.07723170987974246,0.27790593710776035
46,1,val,14,0.09284855652671684,0.3047106111160503,0.07723170987974246,0.27790593710776035
46,-1,val,30,0.07723170987974246,0.27790593710776035,0.07723170987974246,0.27790593710776035
47,0,val,16,0.06740932185628949,0.259633052318632,0.0750089184913172,0.2738775611314611
47,1,val,14,0.08260851512634491,0.28741697083913625,0.0750089184913172,0.2738775611314611
47,-1,val,30,0.0750089184913172,0.2738775611314611,0.0750089184913172,0.2738775611314611
48,0,val,16,0.0660054013660439,0.25691516375263623,0.07339323573110137,0.2709118597092076
48,1,val,14,0.08078107009615887,0.2842201085359002,0.07339323573110137,0.2709118597092076
48,-1,val,30,0.07339323573110137,0.2709118597092076,0.07339323573110137,0.2709118597092076
49,0,val,16,0.07731724658034853,0.27805978957833605,0.07098092559896456,0.26642245700947315
49,1,val,14,0.06464460461758059,0.25425303266152127,0.07098092559896456,0.26642245700947315
49,-1,val,30,0.07098092559896456,0.26642245700947315,0.07098092559896456,0.26642245700947315
50,0,val,16,0.07590049885446068,0.27550045164111925,0.0695610906476769,0.2637443660965612
50,1,val,14,0.06322168244089313,0.25143922216092923,0.0695610906476769,0.2637443660965612
50,-1,val,30,0.0695610906476769,0.2637443660965612,0.0695610906476769,0.2637443660965612
51,0,val,16,0.06438744874025112,0.2537468201579108,0.06892535787738235,0.26253639343409585
51,1,val,14,0.07346326701451358,0.2710410799390262,0.06892535787738235,0.26253639343409585
51,-1,val,30,0.06892535787738235,0.26253639343409585,0.06892535787738235,0.26253639343409585
52,0,val,16,0.05936745595455865,0.24365437807385823,0.06791044342684377,0.2605963227423667
52,1,val,14,0.0764534308991289,0.27650213543321667,0.06791044342684377,0.2605963227423667
52,-1,val,30,0.06791044342684377,0.2605963227423667,0.06791044342684377,0.2605963227423667
53,0,val,16,0.07381155757699658,0.27168282532577687,0.06558232424277503,0.2560904610538531
53,1,val,14,0.057353090908553485,0.23948505362246197,0.06558232424277503,0.2560904610538531
53,-1,val,30,0.06558232424277503,0.2560904610538531,0.06558232424277503,0.2560904610538531
54,0,val,16,0.06363950785257584,0.2522687215105667,0.06507944891959526,0.2551067402472841
54,1,val,14,0.06651938998661468,0.2579135319959282,0.06507944891959526,0.2551067402472841
54,-1,val,30,0.06507944891959526,0.2551067402472841,0.06507944891959526,0.2551067402472841
55,0,val,16,0.07140349139330497,0.26721431734341067,0.06335926933955191,0.2517126721870631
55,1,val,14,0.055315047285798856,0.23519151193399573,0.06335926933955191,0.2517126721870631
55,-1,val,30,0.06335926933955191,0.2517126721870631,0.06335926933955191,0.2517126721870631
56,0,val,16,0.05681108391790268,0.2383507581651518,0.06328963251658151,0.2515743081409179
56,1,val,14,0.06976818111526034,0.26413667128072227,0.06328963251658151,0.2515743081409179
56,-1,val,30,0.06328963251658151,0.2515743081409179,0.06328963251658151,0.2515743081409179
57,0,val,16,0.05064878525563095,0.22505284991670502,0.06267335625216269,0.25034647241805247
57,1,val,14,0.07469792724869444,0.2733092154478045,0.06267335625216269,0.25034647241805247
57,-1,val,30,0.06267335625216269,0.25034647241805247,0.06267335625216269,0.25034647241805247
58,0,val,16,0.06033611913005438,0.24563411638055163,0.06096335978641658,0.24690759361837492
58,1,val,14,0.06159060044277879,0.24817453624975064,0.06096335978641658,0.24690759361837492
58,-1,val,30,0.06096335978641658,0.24690759361837492,0.06096335978641658,0.24690759361837492
59,0,val,16,0.057465350449170685,0.2397193159700959,0.060199584832217407,0.24535603687746793
59,1,val,14,0.06293381921526413,0.2508661380403185,0.060199584832217407,0.24535603687746793
59,-1,val,30,0.060199584832217407,0.24535603687746793,0.060199584832217407,0.24535603687746793
60,0,val,16,0.07154071937391879,0.26747096921707,0.058286341624459344,0.24142564409038933
60,1,val,14,0.0450319638749999,0.21220736055801623,0.058286341624459344,0.24142564409038933
60,-1,val,30,0.058286341624459344,0.24142564409038933,0.058286341624459344,0.24142564409038933
61,0,val,16,0.06461637556540635,0.25419751290169296,0.057925499311775444,0.24067716823948102
61,1,val,14,0.05123462305814453,0.22635066392247347,0.057925499311775444,0.24067716823948102
61,-1,val,30,0.057925499311775444,0.24067716823948102,0.057925499311775444,0.24067716823948102
62,0,val,16,0.057103468941430736,0.23896332133076562,0.05763259239865612,0.24006789122799432
62,1,val,14,0.05816171585588151,0.2411674021419178,0.05763259239865612,0.24006789122799432
62,-1,val,30,0.05763259239865612,0.24006789122799432,0.05763259239865612,0.24006789122799432
63,0,val,16,0.05995305833442298,0.24485313625604835,0.05665281010882549,0.23801850791235854
63,1,val,14,0.053352561883228,0.23098173495587915,0.05665281010882549,0.23801850791235854
63,-1,val,30,0.05665281010882549,0.23801850791235854,0.05665281010882549,0.23801850791235854
64,0,val,16,0.055626365516563525,0.23585242317297384,0.05622572902396725,0.2371196512817258
64,1,val,14,0.05682509253137097,0.23838014290492185,0.05622572902396725,0.2371196512817258
64,-1,val,30,0.05622572902396725,0.2371196512817258,0.05622572902396725,0.2371196512817258
65,0,val,16,0.04092159312430246,0.20229086268119592,0.056592514759914996,0.23789181314184604
65,1,val,14,0.07226343639552753,0.2688185938426275,0.056592514759914996,0.23789181314184604
65,-1,val,30,0.056592514759914996,0.23789181314184604,0.056592514759914996,0.23789181314184604
66,0,val,16,0.05302189094566042,0.23026482785188976,0.05506079162330305,0.23465036037326484
66,1,val,14,0.057099692300945686,0.23895541906587028,0.05506079162330305,0.23465036037326484
66,-1,val,30,0.05506079162330305,0.23465036037326484,0.05506079162330305,0.23465036037326484
67,0,val,16,0.037088602575062996,0.19258401432897537,0.05557714124752274,0.23574804611602349
67,1,val,14,0.07406567991998249,0.27215010549324153,0.05557714124752274,0.23574804611602349
67,-1,val,30,0.05557714124752274,0.23574804611602349,0.05557714124752274,0.23574804611602349
68,0,val,16,0.044899010526136686,0.21189386618337183,0.054439756778809495,0.23332328811931632
68,1,val,14,0.06398050303148231,0.2529436756107618,0.054439756778809495,0.23332328811931632
68,-1,val,30,0.054439756778809495,0.23332328811931632,0.054439756778809495,0.23332328811931632
69,0,val,16,0.04585301748795787,0.21413317699029702,0.05382507716050065,0.23200232145498167
69,1,val,14,0.06179713683304344,0.24859029915313155,0.05382507716050065,0.23200232145498167
69,-1,val,30,0.05382507716050065,0.23200232145498167,0.05382507716050065,0.23200232145498167
70,0,val,16,0.05291598230807685,0.23003474152413772,0.052807001270820275,0.22979773991669342
70,1,val,14,0.05269802023356371,0.2295604936254575,0.052807001270820275,0.22979773991669342
70,-1,val,30,0.052807001270820275,0.22979773991669342,0.052807001270820275,0.22979773991669342
71,0,val,16,0.04683417257315946,0.21641204350303486,0.0527524349572512,0.2296789824020718
71,1,val,14,0.05867069734134295,0.2422203487350783,0.0527524349572512,0.2296789824020718
71,-1,val,30,0.0527524349572512,0.2296789824020718,0.0527524349572512,0.2296789824020718
72,0,val,16,0.06925324871240177,0.26316011991257676,0.050679956175039245,0.22512209170812011
72,1,val,14,0.03210666363767673,0.1791833241060025,0.050679956175039245,0.22512209170812011
72,-1,val,30,0.050679956175039245,0.22512209170812011,0.050679956175039245,0.22512209170812011
73,0,val,16,0.04678318477679283,0.21629420883785314,0.051859335544426496,0.22772644893473945
73,1,val,14,0.056935486312060156,0.2386115804232061,0.051859335544426496,0.22772644893473945
73,-1,val,30,0.051859335544426496,0.22772644893473945,0.051859335544426496,0.22772644893473945
74,0,val,16,0.06499138266685138,0.25493407513875305,0.05016436420173792,0.22397402573007863
74,1,val,14,0.035337345736624455,0.18798230165796048,0.05016436420173792,0.22397402573007863
74,-1,val,30,0.05016436420173792,0.22397402573007863,0.05016436420173792,0.22397402573007863
75,0,val,16,0.05269174473903956,0.22954682472001123,0.05065322898863545,0.22506272234342908
75,1,val,14,0.04861471323823135,0.2204874446271972,0.05065322898863545,0.22506272234342908
75,-1,val,30,0.05065322898863545,0.22506272234342908,0.05065322898863545,0.22506272234342908
76,0,val,16,0.07718937218928487,0.27782975396685805,0.04854305464798665,0.2203248843140208
76,1,val,14,0.019896737106688427,0.14105579430384427,0.04854305464798665,0.2203248843140208
76,-1,val,30,0.04854305464798665,0.2203248843140208,0.04854305464798665,0.2203248843140208
77,0,val,16,0.054607585071852184,0.2336826589027354,0.04981202922253776,0.22318608653439345
77,1,val,14,0.04501647337322334,0.21217085891616536,0.04981202922253776,0.22318608653439345
77,-1,val,30,0.04981202922253776,0.22318608653439345,0.04981202922253776,0.22318608653439345
78,0,val,16,0.053074068177691905,0.23037809830296782,0.04961354558485183,0.22274098317294874
78,1,val,14,0.04615302299201176,0.2148325463983792,0.04961354558485183,0.22274098317294874
78,-1,val,30,0.04961354558485183,0.22274098317294874,0.04961354558485183,0.22274098317294874
79,0,val,16,0.019524392972074357,0.13972971399124223,0.05172385328717436,0.227428787287745
79,1,val,14,0.08392331360227437,0.2896952081106527,0.05172385328717436,0.227428787287745
79,-1,val,30,0.05172385328717436,0.227428787287745,0.05172385328717436,0.227428787287745
80,0,val,16,0.05292662398143858,0.23005787093998453,0.049049328100946775,0.22147082900677184
80,1,val,14,0.04517203222045497,0.21253713139226982,0.049049328100946775,0.22147082900677184
80,-1,val,30,0.049049328100946775,0.22147082900677184,0.049049328100946775,0.22147082900677184
81,0,val,16,0.0634145800284531,0.2518225169210512,0.04805511120113248,0.21921476045451976
81,1,val,14,0.032695642373811874,0.18081936393487252,0.04805511120113248,0.21921476045451976
81,-1,val,30,0.04805511120113248,0.21921476045451976,0.04805511120113248,0.21921476045451976
82,0,val,16,0.047992630317238626,0.21907220343356806,0.04892860410411237,0.2211981105346797
82,1,val,14,0.04986457789098612,0.22330377939252644,0.04892860410411237,0.2211981105346797
82,-1,val,30,0.04892860410411237,0.2211981105346797,0.04892860410411237,0.2211981105346797
83,0,val,16,0.03664835017261804,0.1914375881916037,0.04950703303162772,0.22250175961467747
83,1,val,14,0.062365715890637406,0.24973128736831796,0.04950703303162772,0.22250175961467747
83,-1,val,30,0.04950703303162772,0.22250175961467747,0.04950703303162772,0.22250175961467747
84,0,val,16,0.040894475562833196,0.20222382540846465,0.0489852809578067,0.22132618678729976
84,1,val,14,0.0570760863527802,0.2389060199174148,0.0489852809578067,0.22132618678729976
84,-1,val,30,0.0489852809578067,0.22132618678729976,0.0489852809578067,0.22132618678729976
85,0,val,16,0.06238051997452063,0.24976092563593816,0.04725779806977275,0.21738858771741618
85,1,val,14,0.03213507616502487,0.17926258997633854,0.04725779806977275,0.21738858771741618
85,-1,val,30,0.04725779806977275,0.21738858771741618,0.04725779806977275,0.21738858771741618
86,0,val,16,0.048149189879516975,0.21942923661061434,0.048089480593763945,0.219293138501331
86,1,val,14,0.048029771308010914,0.21915695587411985,0.048089480593763945,0.219293138501331
86,-1,val,30,0.048089480593763945,0.219293138501331,0.048089480593763945,0.219293138501331
87,0,val,16,0.029977535203218848,0.17314021832959217,0.04920604170840676,0.2218243487726421
87,1,val,14,0.06843454821359468,0.26159997747246594,0.04920604170840676,0.2218243487726421
87,-1,val,30,0.04920604170840676,0.2218243487726421,0.04920604170840676,0.2218243487726421
88,0,val,16,0.07154714048678729,0.26748297233055285,0.046063019375005676,0.21462297028744542
88,1,val,14,0.020578898263224073,0.14345347072561218,0.046063019375005676,0.21462297028744542
88,-1,val,30,0.046063019375005676,0.21462297028744542,0.046063019375005676,0.21462297028744542
89,0,val,16,0.06901348347997291,0.26270417484305975,0.04608549242873247,0.21467531862962838
89,1,val,14,0.02315750137749203,0.15217588960637632,0.04608549242873247,0.21467531862962838
89,-1,val,30,0.04608549242873247,0.21467531862962838,0.04608549242873247,0.21467531862962838
90,0,val,16,0.043197319062485584,0.20783964747488767,0.047782291677896625,0.21859160934925345
90,1,val,14,0.052367264293307667,0.2288389483748509,0.047782291677896625,0.21859160934925345
90,-1,val,30,0.047782291677896625,0.21859160934925345,0.047782291677896625,0.21859160934925345
91,0,val,16,0.013565455655212545,0.11647083607157864,0.049757780222603853,0.22306452031330273
91,1,val,14,0.08595010478999517,0.2931724830027456,0.049757780222603853,0.22306452031330273
91,-1,val,30,0.049757780222603853,0.22306452031330273,0.049757780222603853,0.22306452031330273
92,0,val,16,0.06209118996809326,0.24918103854044205,0.04616292789681042,0.2148555977786253
92,1,val,14,0.030234665825527574,0.1738811830691509,0.04616292789681042,0.2148555977786253
92,-1,val,30,0.04616292789681042,0.2148555977786253,0.04616292789681042,0.2148555977786253
93,0,val,16,0.045569029739521844,0.21346903695740477,0.04722079925090248,0.2173034727078757
93,1,val,14,0.04887256876228312,0.22107141100170125,0.04722079925090248,0.2173034727078757
93,-1,val,30,0.04722079925090248,0.2173034727078757,0.04722079925090248,0.2173034727078757
94,0,val,16,0.05208119998660351,0.22821305831744929,0.04663335316708801,0.21594757041256105
94,1,val,14,0.04118550634757251,0.2029421256111518,0.04663335316708801,0.21594757041256105
94,-1,val,30,0.04663335316708801,0.21594757041256105,0.04663335316708801,0.21594757041256105
95,0,val,16,0.0506911741271653,0.2251470055922692,0.04661245087110869,0.21589916829647282
95,1,val,14,0.042533727615052086,0.20623706654006715,0.04661245087110869,0.21589916829647282
95,-1,val,30,0.04661245087110869,0.21589916829647282,0.04661245087110869,0.21589916829647282
96,0,val,16,0.037120043303413335,0.19266562564041706,0.04747395052733309,0.21788517739243551
96,1,val,14,0.05782785775125284,0.24047423510898802,0.04747395052733309,0.21788517739243551
96,-1,val,30,0.04747395052733309,0.21788517739243551,0.04747395052733309,0.21788517739243551
97,0,val,16,0.05734668743519607,0.23947168399457183,0.045922824434086094,0.21429611390336992
97,1,val,14,0.03449896143297612,0.1857389604605779,0.045922824434086094,0.21429611390336992
97,-1,val,30,0.045922824434086094,0.21429611390336992,0.045922824434086094,0.21429611390336992
98,0,val,16,0.0557166394807755,0.23604372366317114,0.04594109211117128,0.214338732176831
98,1,val,14,0.03616554474156707,0.19017240793965637,0.04594109211117128,0.214338732176831
98,-1,val,30,0.04594109211117128,0.214338732176831,0.04594109211117128,0.214338732176831
99,0,val,16,0.036545719297134585,0.19116934716929537,0.04721532752867655,0.21729088229531526
99,1,val,14,0.05788493576021851,0.24059288385199282,0.04721532752867655,0.21729088229531526
99,-1,val,30,0.04721532752867655,0.21729088229531526,0.04721532752867655,0.21729088229531526
100,0,val,16,0.06341995411912328,0.2518331870884441,0.04520560015194606,0.21261608629627735
100,1,val,14,0.026991246184768836,0.1642901280806879,0.04520560015194606,0.21261608629627735
100,-1,val,30,0.04520560015194606,0.21261608629627735,0.04520560015194606,0.21261608629627735
101,0,val,16,0.03608527595511457,0.18996124856168578,0.04707551593086243,0.21696892849175992
101,1,val,14,0.05806575590661028,0.24096837117474623,0.04707551593086243,0.21696892849175992
101,-1,val,30,0.04707551593086243,0.21696892849175992,0.04707551593086243,0.21696892849175992
102,0,val,16,0.021755677791673284,0.14749806029800286,0.04801623422661904,0.21912606925379519
102,1,val,14,0.0742767906615648,0.2725376866812456,0.04801623422661904,0.21912606925379519
102,-1,val,30,0.04801623422661904,0.21912606925379519,0.04801623422661904,0.21912606925379519
103,0,val,16,0.02427961426863377,0.15581917169794535,0.04775395504349628,0.21852678335503015
103,1,val,14,0.07122829581835878,0.2668862975470243,0.04775395504349628,0.21852678335503015
103,-1,val,30,0.04775395504349628,0.21852678335503015,0.04775395504349628,0.21852678335503015
104,0,val,16,0.07251252830455841,0.2692815038292798,0.0442274267643472,0.2103031782079082
104,1,val,14,0.015942325224135974,0.12626292101854755,0.0442274267643472,0.2103031782079082
104,-1,val,30,0.0442274267643472,0.2103031782079082,0.0442274267643472,0.2103031782079082
105,0,val,16,0.07172160712477996,0.26780890038379973,0.044209761618055086,0.21026117477569436
105,1,val,14,0.01669791611133022,0.12922041677432486,0.044209761618055086,0.21026117477569436
105,-1,val,30,0.044209761618055086,0.21026117477569436,0.044209761618055086,0.21026117477569436
106,0,val,16,0.037213884932677424,0.19290900687287107,0.04660056851184748,0.21587164823535185
106,1,val,14,0.05598725209101754,0.23661625491714963,0.04660056851184748,0.21587164823535185
106,-1,val,30,0.04660056851184748,0.21587164823535185,0.04660056851184748,0.21587164823535185
107,0,val,16,0.025873718787562672,0.160853096916294,0.04733708713381975,0.21757087841395445
107,1,val,14,0.06880045548007682,0.26229840922139963,0.04733708713381975,0.21757087841395445
107,-1,val,30,0.04733708713381975,0.21757087841395445,0.04733708713381975,0.21757087841395445
108,0,val,16,0.03759911418599403,0.1939049101647352,0.04642367142220455,0.21546153118875896
108,1,val,14,0.055248228658415076,0.23504941748154806,0.04642367142220455,0.21546153118875896
108,-1,val,30,0.04642367142220455,0.21546153118875896,0.04642367142220455,0.21546153118875896
109,0,val,16,0.046558837378500355,0.21577496930483006,0.04570988024041156,0.21379869092305398
109,1,val,14,0.044860923102322765,0.2118039732921051,0.04570988024041156,0.21379869092305398
109,-1,val,30,0.04570988024041156,0.21379869092305398,0.04570988024041156,0.21379869092305398
110,0,val,16,0.02882936956994152,0.16979213636073234,0.0469034487685597,0.21657204059748733
110,1,val,14,0.06497752796717789,0.25490690058760257,0.0469034487685597,0.21657204059748733
110,-1,val,30,0.0469034487685597,0.21657204059748733,0.0469034487685597,0.21657204059748733
111,0,val,16,0.0518664606068868,0.22774209230374345,0.04518866455873034,0.21257625586770115
111,1,val,14,0.038510868510573885,0.19624186227860224,0.04518866455873034,0.21257625586770115
111,-1,val,30,0.04518866455873034,0.21257625586770115,0.04518866455873034,0.21257625586770115
112,0,val,16,0.03145429623445421,0.17735359098268694,0.04657891668568466,0.21582149264075776
112,1,val,14,0.061703537136915114,0.24840196685395854,0.04657891668568466,0.21582149264075776
112,-1,val,30,0.04657891668568466,0.21582149264075776,0.04657891668568466,0.21582149264075776
113,0,val,16,0.03262588350303157,0.18062636436310056,0.04642779029875316,0.21547108924111644
113,1,val,14,0.06022969709447475,0.2454173936266025,0.04642779029875316,0.21547108924111644
113,-1,val,30,0.04642779029875316,0.21547108924111644,0.04642779029875316,0.21547108924111644
114,0,val,16,0.06239538040073065,0.24979067316601444,0.044235039702408455,0.21032127734113934
114,1,val,14,0.02607469900408626,0.16147662061142554,0.044235039702408455,0.21032127734113934
114,-1,val,30,0.044235039702408455,0.21032127734113934,0.044235039702408455,0.21032127734113934
115,0,val,16,0.0249672343198297,0.15801023485783983,0.04684243076613437,0.2164311224526971
115,1,val,14,0.06871762721243904,0.2621404722900282,0.04684243076613437,0.2164311224526971
115,-1,val,30,0.04684243076613437,0.2164311224526971,0.04684243076613437,0.2164311224526971
116,0,val,16,0.03579623686548805,0.18919893463095414,0.04600091714779354,0.2144782439964332
116,1,val,14,0.05620559743009902,0.23707719719555279,0.04600091714779354,0.2144782439964332
116,-1,val,30,0.04600091714779354,0.2144782439964332,0.04600091714779354,0.2144782439964332
117,0,val,16,0.03915640866034707,0.19787978335430598,0.04569515727546969,0.2137642563093037
117,1,val,14,0.05223390589059231,0.2285473821565067,0.04569515727546969,0.2137642563093037
117,-1,val,30,0.04569515727546969,0.2137642563093037,0.04569515727546969,0.2137642563093037
118,0,val,16,0.05505624194613592,0.23464066558492352,0.044496104578701255,0.21094099786125325
118,1,val,14,0.03393596721126659,0.1842171740399537,0.044496104578701255,0.21094099786125325
118,-1,val,30,0.044496104578701255,0.21094099786125325,0.044496104578701255,0.21094099786125325
119,0,val,16,0.06396943423091048,0.2529217946933607,0.04379606867379008,0.20927510285217896
119,1,val,14,0.02362270311666968,0.15369678954574711,0.04379606867379008,0.20927510285217896
119,-1,val,30,0.04379606867379008,0.20927510285217896,0.04379606867379008,0.20927510285217896
120,0,val,16,0.04725121221310283,0.2173734395300006,0.04492846271835951,0.2119633523002491
120,1,val,14,0.04260571322361619,0.2064115142709248,0.04492846271835951,0.2119633523002491
120,-1,val,30,0.04492846271835951,0.2119633523002491,0.04492846271835951,0.2119633523002491
121,0,val,16,0.05136535940941024,0.2266392715515346,0.044573460591326566,0.21112427759811653
121,1,val,14,0.0377815617732429,0.1943747971657923,0.044573460591326566,0.21112427759811653
121,-1,val,30,0.044573460591326566,0.21112427759811653,0.044573460591326566,0.21112427759811653
122,0,val,16,0.03596013702824115,0.18963158235969332,0.04561398948712355,0.21357431841661945
122,1,val,14,0.05526784194600595,0.23509113540498705,0.04561398948712355,0.21357431841661945
122,-1,val,30,0.04561398948712355,0.21357431841661945,0.04561398948712355,0.21357431841661945
123,0,val,16,0.03144901283471179,0.17733869525490423,0.04587217640852072,0.21417790831110645
123,1,val,14,0.060295339982329645,0.2455510944433554,0.04587217640852072,0.21417790831110645
123,-1,val,30,0.04587217640852072,0.21417790831110645,0.04587217640852072,0.21417790831110645
124,0,val,16,0.05862147902998013,0.24211872920115066,0.043870236193454974,0.20945222890543555
124,1,val,14,0.02911899335692982,0.17064288252643242,0.043870236193454974,0.20945222890543555
124,-1,val,30,0.043870236193454974,0.20945222890543555,0.043870236193454974,0.20945222890543555
125,0,val,16,0.04337048638377897,0.20825581956761488,0.044898454212967315,0.21189255346275696
125,1,val,14,0.046426422042155656,0.21546791418249645,0.044898454212967315,0.21189255346275696
125,-1,val,30,0.044898454212967315,0.21189255346275696,0.044898454212967315,0.21189255346275696
126,0,val,16,0.04751737352944619,0.21798480114321317,0.04453693438317215,0.21103775582386236
126,1,val,14,0.04155649523689811,0.20385410282086086,0.04453693438317215,0.21103775582386236
126,-1,val,30,0.04453693438317215,0.21103775582386236,0.04453693438317215,0.21103775582386236
127,0,val,16,0.0621969545739227,0.24939317266902616,0.04342379009487484,0.20838375679230578
127,1,val,14,0.024650625615826982,0.15700517703511238,0.04342379009487484,0.20838375679230578
127,-1,val,30,0.04342379009487484,0.20838375679230578,0.04342379009487484,0.20838375679230578
128,0,val,16,0.0220791838441462,0.1485906586705443,0.04622486996529759,0.21499969759350265
128,1,val,14,0.07037055608644897,0.26527449196341696,0.04622486996529759,0.21499969759350265
128,-1,val,30,0.04622486996529759,0.21499969759350265,0.04622486996529759,0.21499969759350265
129,0,val,16,0.02744308512126532,0.1656595458199295,0.04577730502930598,0.21395631570324344
129,1,val,14,0.06411152493734663,0.2532025373833103,0.04577730502930598,0.21395631570324344
129,-1,val,30,0.04577730502930598,0.21395631570324344,0.04577730502930598,0.21395631570324344
130,0,val,16,0.02501217882562687,0.15815239114735782,0.045889198399669845,0.2142176425966588
130,1,val,14,0.06676621797371282,0.2583915981097544,0.045889198399669845,0.2142176425966588
130,-1,val,30,0.045889198399669845,0.2142176425966588,0.045889198399669845,0.2142176425966588
131,0,val,16,0.02185617918762699,0.14783835492735636,0.046050936536240775,0.214594819453408
131,1,val,14,0.07024569388485456,0.2650390421897396,0.046050936536240775,0.214594819453408
131,-1,val,30,0.046050936536240775,0.214594819453408,0.046050936536240775,0.214594819453408
132,0,val,16,0.050208646267436666,0.22407285928339618,0.0439596489011414,0.209665564414239
132,1,val,14,0.03771065153484613,0.19419230555005554,0.0439596489011414,0.209665564414239
132,-1,val,30,0.0439596489011414,0.209665564414239,0.0439596489011414,0.209665564414239
133,0,val,16,0.013094549080666868,0.1144314164933165,0.04655126065224971,0.21575741158127038
133,1,val,14,0.08000797222383255,0.2828568051573668,0.04655126065224971,0.21575741158127038
133,-1,val,30,0.04655126065224971,0.21575741158127038,0.04655126065224971,0.21575741158127038
134,0,val,16,0.061438024847405216,0.24786694988926058,0.04303309613569286,0.20744420005315373
134,1,val,14,0.024628167423980506,0.1569336401922179,0.04303309613569286,0.20744420005315373
134,-1,val,30,0.04303309613569286,0.20744420005315373,0.04303309613569286,0.20744420005315373
135,0,val,16,0.06360747348425244,0.25220522096945663,0.042815663314947454,0.2069194609381811
135,1,val,14,0.022023853145642466,0.14840435689575446,0.042815663314947454,0.2069194609381811
135,-1,val,30,0.042815663314947454,0.2069194609381811,0.042815663314947454,0.2069194609381811
136,0,val,16,0.030832912315602472,0.17559303037308308,0.04509246813221639,0.21234987198540145
136,1,val,14,0.0593520239488303,0.2436227081961579,0.04509246813221639,0.21234987198540145
136,-1,val,30,0.04509246813221639,0.21234987198540145,0.04509246813221639,0.21234987198540145
137,0,val,16,0.06054460623512391,0.2460581358848431,0.04290852813363028,0.20714373785762938
137,1,val,14,0.025272450032136653,0.15897311103496922,0.04290852813363028,0.20714373785762938
137,-1,val,30,0.04290852813363028,0.20714373785762938,0.04290852813363028,0.20714373785762938
138,0,val,16,0.021016849955004198,0.14497189367254673,0.04566307952291129,0.2136892124626587
138,1,val,14,0.0703093090908184,0.26515902604063546,0.04566307952291129,0.2136892124626587
138,-1,val,30,0.04566307952291129,0.2136892124626587,0.04566307952291129,0.2136892124626587
139,0,val,16,0.0579572214325374,0.24074306102676646,0.042965566020274445,0.20728136920686926
139,1,val,14,0.02797391060801149,0.16725403016971366,0.042965566020274445,0.20728136920686926
139,-1,val,30,0.042965566020274445,0.20728136920686926,0.042965566020274445,0.20728136920686926
140,0,val,16,0.04739800034749312,0.21771081816825988,0.043650701481344006,0.2089275029318639
140,1,val,14,0.0399034026151949,0.1997583605639446,0.043650701481344006,0.2089275029318639
140,-1,val,30,0.043650701481344006,0.2089275029318639,0.043650701481344006,0.2089275029318639
141,0,val,16,0.035835545684476396,0.18930278836952297,0.04441259833186896,0.21074296745530788
141,1,val,14,0.052989650979261525,0.2301948109303542,0.04441259833186896,0.21074296745530788
141,-1,val,30,0.04441259833186896,0.21074296745530788,0.04441259833186896,0.21074296745530788
142,0,val,16,0.06345259248929694,0.25189798032000366,0.0423732841321445,0.20584772073585003
142,1,val,14,0.021293975774992067,0.14592455507895874,0.0423732841321445,0.20584772073585003
142,-1,val,30,0.0423732841321445,0.20584772073585003,0.0423732841321445,0.20584772073585003
143,0,val,16,0.032908206679652094,0.18140619250635326,0.044490081070790104,0.21092671967010274
143,1,val,14,0.056071955461928114,0.23679517617960066,0.044490081070790104,0.21092671967010274
143,-1,val,30,0.044490081070790104,0.21092671967010274,0.044490081070790104,0.21092671967010274
144,0,val,16,0.03673566605269203,0.19166550564118737,0.044147150265657006,0.2101122325464584
144,1,val,14,0.05155863447862199,0.22706526479984115,0.044147150265657006,0.2101122325464584
144,-1,val,30,0.044147150265657006,0.2101122325464584,0.044147150265657006,0.2101122325464584
145,0,val,16,0.06756226237416227,0.25992741751143195,0.04188137186018161,0.20464938763695728
145,1,val,14,0.016200481346200946,0.1272811115059927,0.04188137186018161,0.20464938763695728
145,-1,val,30,0.04188137186018161,0.20464938763695728,0.04188137186018161,0.20464938763695728
146,0,val,16,0.04227811849654621,0.2056164353755463,0.04362275007742665,0.20886059962909867
146,1,val,14,0.04496738165830709,0.21205513825018976,0.04362275007742665,0.20886059962909867
146,-1,val,30,0.04362275007742665,0.20886059962909867,0.04362275007742665,0.20886059962909867
147,0,val,16,0.034179680536030446,0.18487747438785085,0.04413403793355726,0.21008102706707538
147,1,val,14,0.05408839533108407,0.2325691194700708,0.04413403793355726,0.21008102706707538
147,-1,val,30,0.04413403793355726,0.21008102706707538,0.04413403793355726,0.21008102706707538
148,0,val,16,0.04465795704581567,0.21132429355333396,0.043313515702645675,0.2081189940938733
148,1,val,14,0.04196907435947568,0.20486355058788686,0.043313515702645675,0.2081189940938733
148,-1,val,30,0.043313515702645675,0.2081189940938733,0.043313515702645675,0.2081189940938733
149,0,val,16,0.059596479146445856,0.24412390121912655,0.042179622163659225,0.20537678097501486
149,1,val,14,0.024762765180872597,0.15736189240369663,0.042179622163659225,0.20537678097501486
149,-1,val,30,0.042179622163659225,0.20537678097501486,0.042179622163659225,0.20537678097501486
150,0,val,16,0.06260806282238715,0.25021603230486084,0.04189880733029133,0.20469198159745128
150,1,val,14,0.021189551838195514,0.14556631422892974,0.04189880733029133,0.20469198159745128
150,-1,val,30,0.04189880733029133,0.20469198159745128,0.04189880733029133,0.20469198159745128
151,0,val,16,0.03472484994267979,0.18634604890546994,0.04382319820108715,0.2093399106742122
151,1,val,14,0.052921546459494505,0.23004683536074672,0.04382319820108715,0.2093399106742122
151,-1,val,30,0.04382319820108715,0.2093399106742122,0.04382319820108715,0.2093399106742122
152,0,val,16,0.04743595551499967,0.21779796949237076,0.042846822204775474,0.20699473955822034
152,1,val,14,0.03825768889455128,0.19559572821140875,0.042846822204775474,0.20699473955822034
152,-1,val,30,0.042846822204775474,0.20699473955822034,0.042846822204775474,0.20699473955822034
153,0,val,16,0.03242978396526849,0.1800827142322896,0.04384530135991277,0.20939269652954176
153,1,val,14,0.05526081875455705,0.23507619776267663,0.04384530135991277,0.20939269652954176
153,-1,val,30,0.04384530135991277,0.20939269652954176,0.04384530135991277,0.20939269652954176
154,0,val,16,0.03213160052122237,0.1792528954333022,0.04379598417176518,0.20927490095987425
154,1,val,14,0.055460367822308,0.23550025015338732,0.04379598417176518,0.20927490095987425
154,-1,val,30,0.04379598417176518,0.20927490095987425,0.04379598417176518,0.20927490095987425
155,0,val,16,0.041810075401234714,0.20447512171712898,0.04302663319945464,0.2074286219388603
155,1,val,14,0.04424319099767456,0.21034065464782256,0.04302663319945464,0.2074286219388603
155,-1,val,30,0.04302663319945464,0.2074286219388603,0.04302663319945464,0.2074286219388603
156,0,val,16,0.0692096897596275,0.26307734558419793,0.04098304033876743,0.20244268408309407
156,1,val,14,0.012756390917907359,0.11294419382114053,0.04098304033876743,0.20244268408309407
156,-1,val,30,0.04098304033876743,0.20244268408309407,0.04098304033876743,0.20244268408309407
157,0,val,16,0.053765726782597355,0.23187437715840306,0.0419965940436224,0.20493070546802497
157,1,val,14,0.03022746130464745,0.1738604650420775,0.0419965940436224,0.20493070546802497
157,-1,val,30,0.0419965940436224,0.20493070546802497,0.0419965940436224,0.20493070546802497
158,0,val,16,0.042016412183395024,0.20497905303565783,0.042748457680895004,0.2067570015281103
158,1,val,14,0.04348050317839498,0.2085197908554365,0.042748457680895004,0.2067570015281103
158,-1,val,30,0.042748457680895004,0.2067570015281103,0.042748457680895004,0.2067570015281103
159,0,val,16,0.05625132274284352,0.23717361308299775,0.041639955608935054,0.20405870628065603
159,1,val,14,0.027028588475026587,0.16440373619546056,0.041639955608935054,0.20405870628065603
159,-1,val,30,0.041639955608935054,0.20405870628065603,0.041639955608935054,0.20405870628065603
160,0,val,16,0.05553380491144873,0.2356561157947078,0.041600408094382486,0.20396178096492118
160,1,val,14,0.02766701127731624,0.16633403523427262,0.041600408094382486,0.20396178096492118
160,-1,val,30,0.041600408094382486,0.20396178096492118,0.041600408094382486,0.20396178096492118
161,0,val,16,0.04342509660569501,0.20838689163595442,0.04237210638475161,0.2058448599910904
161,1,val,14,0.041319116163808206,0.20327104113426536,0.04237210638475161,0.2058448599910904
161,-1,val,30,0.04237210638475161,0.2058448599910904,0.04237210638475161,0.2058448599910904
162,0,val,16,0.02537303568376642,0.1592891574582728,0.043574088872299924,0.2087440750591497
162,1,val,14,0.06177514206083342,0.24854605621661635,0.043574088872299924,0.2087440750591497
162,-1,val,30,0.043574088872299924,0.2087440750591497,0.043574088872299924,0.2087440750591497
163,0,val,16,0.03670966926378089,0.19159767551768705,0.04267994318560146,0.20659124663354317
163,1,val,14,0.04865021710742204,0.2205679421571096,0.04267994318560146,0.20659124663354317
163,-1,val,30,0.04267994318560146,0.20659124663354317,0.04267994318560146,0.20659124663354317
164,0,val,16,0.04348645825189027,0.20853406976292932,0.04210808556934038,0.20520254766776258
164,1,val,14,0.04072971288679048,0.20181603723884403,0.04210808556934038,0.20520254766776258
164,-1,val,30,0.04210808556934038,0.20520254766776258,0.04210808556934038,0.20520254766776258
165,0,val,16,0.04196417772378354,0.204851599270749,0.04212407787769027,0.20524151109775593
165,1,val,14,0.042283978031597,0.2056306835849091,0.04212407787769027,0.20524151109775593
165,-1,val,30,0.04212407787769027,0.20524151109775593,0.04212407787769027,0.20524151109775593
166,0,val,16,0.040420838097614355,0.20104934244511807,0.04214533194854364,0.20529328276527617
166,1,val,14,0.04386982579947292,0.2094512492191749,0.04214533194854364,0.20529328276527617
166,-1,val,30,0.04214533194854364,0.20529328276527617,0.04214533194854364,0.20529328276527617
167,0,val,16,0.047647123613183066,0.21828221094075226,0.04154591997815155,0.2038281628680187
167,1,val,14,0.03544471634312004,0.1882676720606064,0.04154591997815155,0.2038281628680187
167,-1,val,30,0.04154591997815155,0.2038281628680187,0.04154591997815155,0.2038281628680187
168,0,val,16,0.03829883377831893,0.19570087832791894,0.042129664542421785,0.20525512062411935
168,1,val,14,0.04596049530652465,0.21438399032232947,0.042129664542421785,0.20525512062411935
168,-1,val,30,0.042129664542421785,0.20525512062411935,0.042129664542421785,0.20525512062411935
169,0,val,16,0.027285717528545732,0.16518389003939135,0.04283691598501238,0.20697080949982385
169,1,val,14,0.058388114441479025,0.2416363268250017,0.04283691598501238,0.20697080949982385
169,-1,val,30,0.04283691598501238,0.20697080949982385,0.04283691598501238,0.20697080949982385
170,0,val,16,0.04699700385812543,0.21678792369070152,0.041347843768276424,0.20334169215455158
170,1,val,14,0.03569868367842742,0.18894095288853452,0.041347843768276424,0.20334169215455158
170,-1,val,30,0.041347843768276424,0.20334169215455158,0.041347843768276424,0.20334169215455158
171,0,val,16,0.055710647842277125,0.23603103152398652,0.040634416061355635,0.20157980072754222
171,1,val,14,0.025558184280434153,0.15986927247108543,0.040634416061355635,0.20157980072754222
171,-1,val,30,0.040634416061355635,0.20157980072754222,0.040634416061355635,0.20157980072754222
172,0,val,16,0.04646273704128136,0.2155521677953654,0.0412097350344537,0.20300181042161594
172,1,val,14,0.03595673302762605,0.18962260684745913,0.0412097350344537,0.20300181042161594
172,-1,val,30,0.0412097350344537,0.20300181042161594,0.0412097350344537,0.20300181042161594
173,0,val,16,0.05070111192635307,0.22516907408956735,0.04082994627261376,0.20206421324077592
173,1,val,14,0.030958780618874446,0.1759510745033245,0.04082994627261376,0.20206421324077592
173,-1,val,30,0.04082994627261376,0.20206421324077592,0.04082994627261376,0.20206421324077592
174,0,val,16,0.05489499920159362,0.23429681859042306,0.04045422102985044,0.20113234705002186
174,1,val,14,0.026013442858107267,0.16128683411272995,0.04045422102985044,0.20113234705002186
174,-1,val,30,0.04045422102985044,0.20113234705002186,0.04045422102985044,0.20113234705002186
175,0,val,16,0.04642742363391407,0.21547023839480492,0.04098142759497834,0.2024387008330629
175,1,val,14,0.03553543155604261,0.18850843895179495,0.04098142759497834,0.2024387008330629
175,-1,val,30,0.04098142759497834,0.2024387008330629,0.04098142759497834,0.2024387008330629
176,0,val,16,0.0232280887308431,0.1524076400015534,0.04256279505084929,0.20630752543436046
176,1,val,14,0.061897501370855486,0.24879208462259303,0.04256279505084929,0.20630752543436046
176,-1,val,30,0.04256279505084929,0.20630752543436046,0.04256279505084929,0.20630752543436046
177,0,val,16,0.02325742204933775,0.15250384273629877,0.04248007800935086,0.2061069576927253
177,1,val,14,0.06170273396936397,0.24840035017963233,0.04248007800935086,0.2061069576927253
177,-1,val,30,0.04248007800935086,0.2061069576927253,0.04248007800935086,0.2061069576927253
178,0,val,16,0.033740576102228796,0.18368608031701475,0.041651829003609114,0.20408779729226614
178,1,val,14,0.04956308190498944,0.22262767551449986,0.041651829003609114,0.20408779729226614
178,-1,val,30,0.041651829003609114,0.20408779729226614,0.041651829003609114,0.20408779729226614
179,0,val,16,0.0383570664442149,0.19584960159319934,0.04124177075698422,0.20308070010954812
179,1,val,14,0.044126475069753535,0.21006302642243715,0.04124177075698422,0.20308070010954812
179,-1,val,30,0.04124177075698422,0.20308070010954812,0.04124177075698422,0.20308070010954812
180,0,val,16,0.07029930897870648,0.26514016854996997,0.038880358708306105,0.19718103029527487
180,1,val,14,0.007461408437905722,0.08637944453344049,0.038880358708306105,0.19718103029527487
180,-1,val,30,0.038880358708306105,0.19718103029527487,0.038880358708306105,0.19718103029527487
181,0,val,16,0.03129268914248274,0.1768973972179431,0.04158786404672763,0.20393102767045437
181,1,val,14,0.05188303895097252,0.2277784865850428,0.04158786404672763,0.20393102767045437
181,-1,val,30,0.04158786404672763,0.20393102767045437,0.04158786404672763,0.20393102767045437
182,0,val,16,0.04184600532252675,0.20456296175634225,0.04075673371504042,0.2018829703443072
182,1,val,14,0.039667462107554084,0.19916692021406085,0.04075673371504042,0.2018829703443072
182,-1,val,30,0.04075673371504042,0.2018829703443072,0.04075673371504042,0.2018829703443072
183,0,val,16,0.03122435817668636,0.1767041543843448,0.04144071691616093,0.20356993126726974
183,1,val,14,0.05165707565563549,0.22728192989244764,0.04144071691616093,0.20356993126726974
183,-1,val,30,0.04144071691616093,0.20356993126726974,0.04144071691616093,0.20356993126726974
184,0,val,16,0.04954127578338717,0.22257869570870248,0.04005845629859894,0.2001460873926816
184,1,val,14,0.030575636813810713,0.17485890544610735,0.04005845629859894,0.2001460873926816
184,-1,val,30,0.04005845629859894,0.2001460873926816,0.04005845629859894,0.2001460873926816
185,0,val,16,0.02615833759079585,0.1617353937479235,0.041650651675493054,0.20408491290512645
185,1,val,14,0.057142965760190255,0.23904594905622278,0.041650651675493054,0.20408491290512645
185,-1,val,30,0.041650651675493054,0.20408491290512645,0.041650651675493054,0.20408491290512645
186,0,val,16,0.03162293666378092,0.17782839105098186,0.04117832992608277,0.202924443885114
186,1,val,14,0.05073372318838462,0.22524147750444326,0.04117832992608277,0.202924443885114
186,-1,val,30,0.04117832992608277,0.202924443885114,0.04117832992608277,0.202924443885114
187,0,val,16,0.06128121512822933,0.24755042946484526,0.038982334840295244,0.19743944600888458
187,1,val,14,0.016683454552361164,0.12916444771051036,0.038982334840295244,0.19743944600888458
187,-1,val,30,0.038982334840295244,0.19743944600888458,0.038982334840295244,0.19743944600888458
188,0,val,16,0.04988590328627644,0.22335152402944655,0.039710969761497225,0.19927611437775783
188,1,val,14,0.029536036236718,0.17186051389635143,0.039710969761497225,0.19927611437775783
188,-1,val,30,0.039710969761497225,0.19927611437775783,0.039710969761497225,0.19927611437775783
189,0,val,16,0.023096558261971368,0.1519755186270847,0.04153924663858963,0.2038117921970896
189,1,val,14,0.059981935015207884,0.24491209650649737,0.04153924663858963,0.2038117921970896
189,-1,val,30,0.04153924663858963,0.2038117921970896,0.04153924663858963,0.2038117921970896
190,0,val,16,0.03567752477058177,0.18888495114905732,0.04055838051274311,0.20139111329138412
190,1,val,14,0.04543923625490445,0.21316481007639243,0.04055838051274311,0.20139111329138412
190,-1,val,30,0.04055838051274311,0.20139111329138412,0.04055838051274311,0.20139111329138412
191,0,val,16,0.022872582617601934,0.15123684279170183,0.04139208316135666,0.20345044399400228
191,1,val,14,0.05991158370511139,0.24476842873440885,0.04139208316135666,0.20345044399400228
191,-1,val,30,0.04139208316135666,0.20345044399400228,0.04139208316135666,0.20345044399400228
192,0,val,16,0.03312308921281813,0.18199749782021216,0.04057393445943354,0.20142972585850763
192,1,val,14,0.04802477970604894,0.2191455673885487,0.04057393445943354,0.20142972585850763
192,-1,val,30,0.04057393445943354,0.20142972585850763,0.04057393445943354,0.20142972585850763
193,0,val,16,0.05720312403478892,0.23917174589568252,0.038771781218250416,0.19690551342776164
193,1,val,14,0.020340438401711913,0.14261990885466136,0.038771781218250416,0.19690551342776164
193,-1,val,30,0.038771781218250416,0.19690551342776164,0.038771781218250416,0.19690551342776164
194,0,val,16,0.04464286489064449,0.21128858201673958,0.0395911813663726,0.19897532853691335
194,1,val,14,0.03453949784210072,0.1858480504124289,0.0395911813663726,0.19897532853691335
194,-1,val,30,0.0395911813663726,0.19897532853691335,0.0395911813663726,0.19897532853691335
195,0,val,16,0.049204340828080964,0.2218205148945448,0.03918348727494337,0.1979481934116686
195,1,val,14,0.029162633721805775,0.17077070510425896,0.03918348727494337,0.1979481934116686
195,-1,val,30,0.03918348727494337,0.1979481934116686,0.03918348727494337,0.1979481934116686
196,0,val,16,0.0450581809426149,0.21226912385604954,0.03939538857179302,0.19848271605304332
196,1,val,14,0.03373259620097114,0.1836643574593915,0.03939538857179302,0.19848271605304332
196,-1,val,30,0.03939538857179302,0.19848271605304332,0.03939538857179302,0.19848271605304332
197,0,val,16,0.03896550386637112,0.1973968182782365,0.03975485179902422,0.19938618758335347
197,1,val,14,0.040544199731677326,0.20135590314584106,0.03975485179902422,0.19938618758335347
197,-1,val,30,0.03975485179902422,0.19938618758335347,0.03975485179902422,0.19938618758335347
198,0,val,16,0.030980154615221068,0.17601180248841572,0.04023874925183165,0.2005959851338796
198,1,val,14,0.04949734388844223,0.22247998536597,0.04023874925183165,0.2005959851338796
198,-1,val,30,0.04023874925183165,0.2005959851338796,0.04023874925183165,0.2005959851338796
199,0,val,16,0.03960732095424381,0.19901588116088578,0.03954214842198851,0.19885207673541785
199,1,val,14,0.03947697588973322,0.19868813726474266,0.03954214842198851,0.19885207673541785
199,-1,val,30,0.03954214842198851,0.19885207673541785,0.03954214842198851,0.19885207673541785
200,0,val,16,0.05721312424691459,0.23919265090490258,0.03820798567670092,0.195468630927576
200,1,val,14,0.01920284710648725,0.1385743378352834,0.03820798567670092,0.195468630927576
200,-1,val,30,0.03820798567670092,0.195468630927576,0.03820798567670092,0.195468630927576
201,0,val,16,0.04007559611530955,0.20018890107922954,0.03935255373714207,0.1983747810008673
201,1,val,14,0.03862951135897459,0.19654391712534527,0.03935255373714207,0.1983747810008673
201,-1,val,30,0.03935255373714207,0.1983747810008673,0.03935255373714207,0.1983747810008673
202,0,val,16,0.03230296091531577,0.17973024485410288,0.039820801839601724,0.19955150172224143
202,1,val,14,0.04733864276388768,0.2175744533806478,0.039820801839601724,0.19955150172224143
202,-1,val,30,0.039820801839601724,0.19955150172224143,0.039820801839601724,0.19955150172224143
203,0,val,16,0.025513041407369902,0.15972802323753307,0.0402235896463047,0.20055819516116688
203,1,val,14,0.0549341378852395,0.23438032742796375,0.0402235896463047,0.20055819516116688
203,-1,val,30,0.0402235896463047,0.20055819516116688,0.0402235896463047,0.20055819516116688
204,0,val,16,0.017936183750088368,0.13392603835732755,0.04068850344061957,0.20171391484134052
204,1,val,14,0.06344082313115078,0.2518746178779251,0.04068850344061957,0.20171391484134052
204,-1,val,30,0.04068850344061957,0.20171391484134052,0.04068850344061957,0.20171391484134052
205,0,val,16,0.05601869940613267,0.23668269773291978,0.03787099338075747,0.19460471058213744
205,1,val,14,0.01972328735538228,0.1404396217432327,0.03787099338075747,0.19460471058213744
205,-1,val,30,0.03787099338075747,0.19460471058213744,0.03787099338075747,0.19460471058213744
206,0,val,16,0.021641856744273907,0.14711171518364508,0.040235752017431486,0.2005885141712543
206,1,val,14,0.058829647290589066,0.2425482370387158,0.040235752017431486,0.2005885141712543
206,-1,val,30,0.040235752017431486,0.2005885141712543,0.040235752017431486,0.2005885141712543
207,0,val,16,0.041968431383082726,0.20486198130224828,0.038694924780937945,0.19671025591193242
207,1,val,14,0.03542141817879316,0.18820578678349176,0.038694924780937945,0.19671025591193242
207,-1,val,30,0.038694924780937945,0.19671025591193242,0.038694924780937945,0.19671025591193242
208,0,val,16,0.05147700198856051,0.22688543802668454,0.03793146548537403,0.1947600202438222
208,1,val,14,0.02438592898218755,0.1561599467923435,0.03793146548537403,0.1947600202438222
208,-1,val,30,0.03793146548537403,0.1947600202438222,0.03793146548537403,0.1947600202438222
209,0,val,16,0.026490787294063976,0.16275990689989958,0.03963461889698677,0.19908445167060831
209,1,val,14,0.05277845049990957,0.22973560999529344,0.03963461889698677,0.19908445167060831
209,-1,val,30,0.03963461889698677,0.19908445167060831,0.03963461889698677,0.19908445167060831
210,0,val,16,0.06036385909018092,0.2456905759083586,0.03712572256873472,0.1926803637341769
210,1,val,14,0.013887586047288519,0.11784560257934328,0.03712572256873472,0.1926803637341769
210,-1,val,30,0.03712572256873472,0.1926803637341769,0.03712572256873472,0.1926803637341769
211,0,val,16,0.050128947953242964,0.22389494847638472,0.03777991119678398,0.19437055125914515
211,1,val,14,0.025430874440324994,0.15947060682246428,0.03777991119678398,0.19437055125914515
211,-1,val,30,0.03777991119678398,0.19437055125914515,0.03777991119678398,0.19437055125914515
212,0,val,16,0.04062242469321396,0.2015500550563407,0.038373354746246424,0.19589118087919738
212,1,val,14,0.036124284799278886,0.19006389662236983,0.038373354746246424,0.19589118087919738
212,-1,val,30,0.038373354746246424,0.19589118087919738,0.038373354746246424,0.19589118087919738
213,0,val,16,0.05053220849806441,0.22479370208719018,0.03758469725455213,0.19386773133905533
213,1,val,14,0.02463718601103984,0.15696237132204596,0.03758469725455213,0.19386773133905533
213,-1,val,30,0.03758469725455213,0.19386773133905533,0.03758469725455213,0.19386773133905533
214,0,val,16,0.03896673389990658,0.1973999338903298,0.03833824362938289,0.19580154143770903
214,1,val,14,0.0377097533588592,0.19418999294211636,0.03833824362938289,0.19580154143770903
214,-1,val,30,0.03833824362938289,0.19580154143770903,0.03833824362938289,0.19580154143770903
215,0,val,16,0.04399621532309998,0.20975274807043645,0.03789429429719863,0.19466456867442167
215,1,val,14,0.031792373271297275,0.17830415943352884,0.03789429429719863,0.19466456867442167
215,-1,val,30,0.03789429429719863,0.19466456867442167,0.03789429429719863,0.19466456867442167
216,0,val,16,0.035409767678554506,0.18817483274485594,0.03842146590212923,0.19601394313193443
216,1,val,14,0.04143316412570395,0.2035513795720971,0.03842146590212923,0.19601394313193443
216,-1,val,30,0.03842146590212923,0.19601394313193443,0.03842146590212923,0.19601394313193443
217,0,val,16,0.03740153554636365,0.19339476607799821,0.03818671337698791,0.1954142097622072
217,1,val,14,0.038971891207612165,0.1974129965519296,0.03818671337698791,0.1954142097622072
217,-1,val,30,0.03818671337698791,0.1954142097622072,0.03818671337698791,0.1954142097622072
218,0,val,16,0.029104678525109,0.17060093354114156,0.03869872609903703,0.19671991790115467
218,1,val,14,0.048292773672965056,0.21975616868011932,0.03869872609903703,0.19671991790115467
218,-1,val,30,0.03869872609903703,0.19671991790115467,0.03869872609903703,0.19671991790115467
219,0,val,16,0.027516472110407003,0.16588089736436504,0.03872448879505164,0.1967853876563289
219,1,val,14,0.04993250547969627,0.22345582444791245,0.03872448879505164,0.1967853876563289
219,-1,val,30,0.03872448879505164,0.1967853876563289,0.03872448879505164,0.1967853876563289
220,0,val,16,0.023660513956512058,0.15381974501510545,0.038912026978626016,0.1972613164779806
220,1,val,14,0.05416354000073998,0.23273061680995044,0.038912026978626016,0.1972613164779806
220,-1,val,30,0.038912026978626016,0.1972613164779806,0.038912026978626016,0.1972613164779806
221,0,val,16,0.02238531228293496,0.1496172192059957,0.03890851210330872,0.19725240709129185
221,1,val,14,0.05543171192368248,0.23543940180794395,0.03890851210330872,0.19725240709129185
221,-1,val,30,0.03890851210330872,0.19725240709129185,0.03890851210330872,0.19725240709129185
222,0,val,16,0.04111106351360746,0.2027586336351857,0.03748375712499358,0.1936072238450662
222,1,val,14,0.0338564507363797,0.18400122482304213,0.03748375712499358,0.1936072238450662
222,-1,val,30,0.03748375712499358,0.1936072238450662,0.03748375712499358,0.1936072238450662
223,0,val,16,0.02384005002182522,0.15440223451046692,0.038631047319855415,0.19654782451061475
223,1,val,14,0.053422044617885606,0.23113209343984578,0.038631047319855415,0.19654782451061475
223,-1,val,30,0.038631047319855415,0.19654782451061475,0.038631047319855415,0.19654782451061475
224,0,val,16,0.015098395152984098,0.12287552707103273,0.03915297869745459,0.19787111637996738
224,1,val,14,0.06320756224192509,0.2514111418412579,0.03915297869745459,0.19787111637996738
224,-1,val,30,0.03915297869745459,0.19787111637996738,0.03915297869745459,0.19787111637996738
225,0,val,16,0.04452443669342822,0.21100814366613488,0.03696407911110013,0.19226044603896073
225,1,val,14,0.029403721528772048,0.1714751338496986,0.03696407911110013,0.19226044603896073
225,-1,val,30,0.03696407911110013,0.19226044603896073,0.03696407911110013,0.19226044603896073
226,0,val,16,0.04143309256692679,0.20355120379630967,0.03708894578966479,0.19258490540451187
226,1,val,14,0.032744799012402785,0.18095524035629026,0.03708894578966479,0.19258490540451187
226,-1,val,30,0.03708894578966479,0.19258490540451187,0.03708894578966479,0.19258490540451187
227,0,val,16,0.03810922486187176,0.19521584172876894,0.03724146384633245,0.1929804752982344
227,1,val,14,0.03637370283079314,0.19071891052224774,0.03724146384633245,0.1929804752982344
227,-1,val,30,0.03724146384633245,0.1929804752982344,0.03724146384633245,0.1929804752982344
228,0,val,16,0.04603069089352905,0.21454764247954125,0.03658380583896016,0.19126893589644964
228,1,val,14,0.027136920784391283,0.16473287705977602,0.03658380583896016,0.19126893589644964
228,-1,val,30,0.03658380583896016,0.19126893589644964,0.03658380583896016,0.19126893589644964
229,0,val,16,0.04041488931693536,0.20103454757064856,0.036898175081489626,0.19208897699110594
229,1,val,14,0.033381460846043896,0.18270594091611772,0.036898175081489626,0.19208897699110594
229,-1,val,30,0.036898175081489626,0.19208897699110594,0.036898175081489626,0.19208897699110594
230,0,val,16,0.022195129070930263,0.14898029759310547,0.038102115307772036,0.19519763140922597
230,1,val,14,0.054009101544613816,0.23239858335328514,0.038102115307772036,0.19519763140922597
230,-1,val,30,0.038102115307772036,0.19519763140922597,0.038102115307772036,0.19519763140922597
231,0,val,16,0.03152301142471165,0.17754720900287801,0.03734480061482168,0.1932480287475701
231,1,val,14,0.04316658980493171,0.20776570892457616,0.03734480061482168,0.1932480287475701
231,-1,val,30,0.03734480061482168,0.1932480287475701,0.03734480061482168,0.1932480287475701
232,0,val,16,0.0375117960785218,0.19367962225934302,0.03682501912250776,0.19189846044850845
232,1,val,14,0.03613824216649372,0.19010061064208533,0.03682501912250776,0.19189846044850845
232,-1,val,30,0.03682501912250776,0.19189846044850845,0.03682501912250776,0.19189846044850845
233,0,val,16,0.024244622250370867,0.1557068471531386,0.03767836541528294,0.1941091585043914
233,1,val,14,0.05111210858019501,0.22607987212530667,0.03767836541528294,0.1941091585043914
233,-1,val,30,0.03767836541528294,0.1941091585043914,0.03767836541528294,0.1941091585043914
234,0,val,16,0.04539931614436767,0.21307115277382735,0.036084662833097844,0.1899596347466952
234,1,val,14,0.02677000952182801,0.1636154317961115,0.036084662833097844,0.1899596347466952
234,-1,val,30,0.036084662833097844,0.1899596347466952,0.036084662833097844,0.1899596347466952
235,0,val,16,0.03281392932374031,0.18114615459274952,0.036896537488804594,0.1920847143549028
235,1,val,14,0.04097914565386888,0.20243306462598662,0.036896537488804594,0.1920847143549028
235,-1,val,30,0.036896537488804594,0.1920847143549028,0.036896537488804594,0.1920847143549028
236,0,val,16,0.04832941490832191,0.21983952080625066,0.03570142304117944,0.1889482020056805
236,1,val,14,0.023073431174036964,0.1518994113683031,0.03570142304117944,0.1889482020056805
236,-1,val,30,0.03570142304117944,0.1889482020056805,0.03570142304117944,0.1889482020056805
237,0,val,16,0.05999166021676492,0.24493195017548225,0.03477296203472749,0.1864750976262715
237,1,val,14,0.009554263852690054,0.09774591476215287,0.03477296203472749,0.1864750976262715
237,-1,val,30,0.03477296203472749,0.1864750976262715,0.03477296203472749,0.1864750976262715
238,0,val,16,0.03966566921921212,0.19916241919401392,0.036128097915694206,0.19007392750110208
238,1,val,14,0.03259052661217629,0.1805284648252909,0.036128097915694206,0.19007392750110208
238,-1,val,30,0.036128097915694206,0.19007392750110208,0.036128097915694206,0.19007392750110208
239,0,val,16,0.025164238797849837,0.15863240147539165,0.03707233749026333,0.1925417811548011
239,1,val,14,0.04898043618267681,0.2213152416411414,0.03707233749026333,0.1925417811548011
239,-1,val,30,0.03707233749026333,0.1925417811548011,0.03707233749026333,0.1925417811548011
240,0,val,16,0.019410790239014247,0.13932261208796742,0.03738277443624175,0.19334625529407531
240,1,val,14,0.05535475863346925,0.23527592021596527,0.03738277443624175,0.19334625529407531
240,-1,val,30,0.03738277443624175,0.19334625529407531,0.03738277443624175,0.19334625529407531
241,0,val,16,0.03913917925192194,0.19783624352459267,0.035880041722107556,0.18942027801190547
241,1,val,14,0.03262090419229318,0.180612580382135,0.035880041722107556,0.18942027801190547
241,-1,val,30,0.035880041722107556,0.18942027801190547,0.035880041722107556,0.18942027801190547
242,0,val,16,0.045496994277595494,0.21330024443866794,0.03534066684005124,0.18799113500389117
242,1,val,14,0.025184339402506983,0.15869574475236248,0.03534066684005124,0.18799113500389117
242,-1,val,30,0.03534066684005124,0.18799113500389117,0.03534066684005124,0.18799113500389117
243,0,val,16,0.038649477541143104,0.19659470374642116,0.03573032120060472,0.18902465765239393
243,1,val,14,0.032811164860066334,0.18113852395353766,0.03573032120060472,0.18902465765239393
243,-1,val,30,0.03573032120060472,0.18902465765239393,0.03573032120060472,0.18902465765239393
244,0,val,16,0.03521919602183675,0.18766778099033607,0.03587252597715078,0.18940043816514993
244,1,val,14,0.0365258559324648,0.19111738783392998,0.03587252597715078,0.18940043816514993
244,-1,val,30,0.03587252597715078,0.18940043816514993,0.03587252597715078,0.18940043816514993
245,0,val,16,0.04626618626695088,0.21509576069032807,0.03498848880240137,0.18705210183903676
245,1,val,14,0.023710791337851866,0.15398308783061815,0.03498848880240137,0.18705210183903676
245,-1,val,30,0.03498848880240137,0.18705210183903676,0.03498848880240137,0.18705210183903676
246,0,val,16,0.035312382728655466,0.18791589269845024,0.03568249175592016,0.18889809886793502
246,1,val,14,0.03605260078318484,0.18987522424788558,0.03568249175592016,0.18889809886793502
246,-1,val,30,0.03568249175592016,0.18889809886793502,0.03568249175592016,0.18889809886793502
247,0,val,16,0.051558282171596005,0.2270644890148964,0.03442592718833464,0.18554225176044037
247,1,val,14,0.01729357220507328,0.13150502729961802,0.03442592718833464,0.18554225176044037
247,-1,val,30,0.03442592718833464,0.18554225176044037,0.03442592718833464,0.18554225176044037
248,0,val,16,0.0316385638129064,0.17787232447153326,0.03575563062091856,0.18909159320529975
248,1,val,14,0.039872697428930716,0.19968148995069804,0.03575563062091856,0.18909159320529975
248,-1,val,30,0.03575563062091856,0.18909159320529975,0.03575563062091856,0.18909159320529975
249,0,val,16,0.05833113830201836,0.2415184015805387,0.03374807751521192,0.1837064982933699
249,1,val,14,0.009165016728405487,0.09573409386632062,0.03374807751521192,0.1837064982933699
249,-1,val,30,0.03374807751521192,0.1837064982933699,0.03374807751521192,0.1837064982933699
250,0,val,16,0.042801012209475624,0.2068840549908949,0.03476059844443971,0.18644194389793223
250,1,val,14,0.0267201846794038,0.16346309883090984,0.03476059844443971,0.18644194389793223
250,-1,val,30,0.03476059844443971,0.18644194389793223,0.03476059844443971,0.18644194389793223
251,0,val,16,0.04299383010448033,0.2073495360604415,0.034665365983078414,0.18618637432174895
251,1,val,14,0.026336901861676497,0.16228648083459232,0.034665365983078414,0.18618637432174895
251,-1,val,30,0.034665365983078414,0.18618637432174895,0.034665365983078414,0.18618637432174895
252,0,val,16,0.027518083457728538,0.1658857542338357,0.035667588883075044,0.18885864789062493
252,1,val,14,0.04381709430842155,0.20932533126313585,0.035667588883075044,0.18885864789062493
252,-1,val,30,0.035667588883075044,0.18885864789062493,0.035667588883075044,0.18885864789062493
253,0,val,16,0.016952058415472277,0.1302000707199204,0.0363099702129391,0.1905517520594841
253,1,val,14,0.05566788201040592,0.23594042046755345,0.0363099702129391,0.1905517520594841
253,-1,val,30,0.0363099702129391,0.1905517520594841,0.0363099702129391,0.1905517520594841
254,0,val,16,0.050340533145106704,0.22436696090357577,0.03382961026897527,0.18392827479475599
254,1,val,14,0.01731868739284383,0.13160048401447402,0.03382961026897527,0.18392827479475599
254,-1,val,30,0.03382961026897527,0.18392827479475599,0.03382961026897527,0.18392827479475599
255,0,val,16,0.02849744520064964,0.16881186332912043,0.03529462846291084,0.1878686468331287
255,1,val,14,0.042091811725172054,0.20516289071167831,0.03529462846291084,0.1878686468331287
255,-1,val,30,0.03529462846291084,0.1878686468331287,0.03529462846291084,0.1878686468331287
256,0,val,16,0.03201206815424718,0.1789191665368671,0.03495252168142422,0.18695593513291903
256,1,val,14,0.03789297520860126,0.1946611805383941,0.03495252168142422,0.18695593513291903
256,-1,val,30,0.03495252168142422,0.18695593513291903,0.03495252168142422,0.18695593513291903
257,0,val,16,0.018824375513635323,0.13720195156642387,0.03580484716310459,0.18922168787722138
257,1,val,14,0.05278531881257387,0.22975055780688294,0.03580484716310459,0.18922168787722138
257,-1,val,30,0.03580484716310459,0.18922168787722138,0.03580484716310459,0.18922168787722138
258,0,val,16,0.06055722322180057,0.24608377277220164,0.032726411179562015,0.18090442553890718
258,1,val,14,0.00489559913732346,0.06996855820526432,0.032726411179562015,0.18090442553890718
258,-1,val,30,0.032726411179562015,0.18090442553890718,0.032726411179562015,0.18090442553890718
259,0,val,16,0.03836298103348308,0.19586470083576335,0.03421206799731234,0.184965045339146
259,1,val,14,0.030061154961141597,0.173381530046143,0.03421206799731234,0.184965045339146
259,-1,val,30,0.03421206799731234,0.184965045339146,0.03421206799731234,0.184965045339146
260,0,val,16,0.02754234205670885,0.16595885651783954,0.034895290049637255,0.18680281060422313
260,1,val,14,0.04224823804256566,0.20554376186731052,0.034895290049637255,0.18680281060422313
260,-1,val,30,0.034895290049637255,0.18680281060422313,0.034895290049637255,0.18680281060422313
261,0,val,16,0.02000854285499836,0.1414515565661911,0.03534674092673932,0.18800728955745125
261,1,val,14,0.050684938998480276,0.22513315837184064,0.03534674092673932,0.18800728955745125
261,-1,val,30,0.03534674092673932,0.18800728955745125,0.03534674092673932,0.18800728955745125
262,0,val,16,0.04266363692090559,0.20655177782073333,0.03362315477739269,0.18336617675403685
262,1,val,14,0.024582672633879785,0.1567886240576139,0.03362315477739269,0.18336617675403685
262,-1,val,30,0.03362315477739269,0.18336617675403685,0.03362315477739269,0.18336617675403685
263,0,val,16,0.015393695552826886,0.12407133251814009,0.0354810403470144,0.18836411639963277
263,1,val,14,0.05556838514120192,0.23572947448548287,0.0354810403470144,0.18836411639963277
263,-1,val,30,0.0354810403470144,0.18836411639963277,0.0354810403470144,0.18836411639963277
264,0,val,16,0.022896866656206726,0.15131710629075196,0.03485469949221484,0.18669413352383316
264,1,val,14,0.04681253232822295,0.21636203994283043,0.03485469949221484,0.18669413352383316
264,-1,val,30,0.03485469949221484,0.18669413352383316,0.03485469949221484,0.18669413352383316
265,0,val,16,0.03408358988082374,0.18461741489042613,0.033953706243847394,0.1842653148149358
265,1,val,14,0.03382382260687105,0.1839125406460121,0.033953706243847394,0.1842653148149358
265,-1,val,30,0.033953706243847394,0.1842653148149358,0.033953706243847394,0.1842653148149358
266,0,val,16,0.03079511779809701,0.17548537773300946,0.03408809167486526,0.18462960671264309
266,1,val,14,0.03738106555163352,0.19334183600978222,0.03408809167486526,0.18462960671264309
266,-1,val,30,0.03408809167486526,0.18462960671264309,0.03408809167486526,0.18462960671264309
267,0,val,16,0.026173172698960617,0.1617812495283697,0.034311322963178056,0.18523315837931947
267,1,val,14,0.04244947322739549,0.2060326994129706,0.034311322963178056,0.18523315837931947
267,-1,val,30,0.034311322963178056,0.18523315837931947,0.034311322963178056,0.18523315837931947
268,0,val,16,0.03637679700389117,0.19072702221733334,0.03348011591816888,0.18297572494232364
268,1,val,14,0.030583434832446584,0.17488120205570004,0.03348011591816888,0.18297572494232364
268,-1,val,30,0.03348011591816888,0.18297572494232364,0.03348011591816888,0.18297572494232364
269,0,val,16,0.040774324180299706,0.20192653164034613,0.033060353892778734,0.18182506398398085
269,1,val,14,0.025346383605257764,0.15920547605298557,0.033060353892778734,0.18182506398398085
269,-1,val,30,0.033060353892778734,0.18182506398398085,0.033060353892778734,0.18182506398398085
270,0,val,16,0.04575286317523512,0.21389918928138818,0.03260519617552585,0.18056908975659663
270,1,val,14,0.019457529175816578,0.1394902476011014,0.03260519617552585,0.18056908975659663
270,-1,val,30,0.03260519617552585,0.18056908975659663,0.03260519617552585,0.18056908975659663
271,0,val,16,0.029220635751482583,0.17094044504295225,0.03369015302745319,0.18354877560870078
271,1,val,14,0.0381596703034238,0.1953450032722204,0.03369015302745319,0.18354877560870078
271,-1,val,30,0.03369015302745319,0.18354877560870078,0.03369015302745319,0.18354877560870078
272,0,val,16,0.026882759660421435,0.1639596281418735,0.03376427854918926,0.1837505878880099
272,1,val,14,0.040645797437957085,0.2016080292001216,0.03376427854918926,0.1837505878880099
272,-1,val,30,0.03376427854918926,0.1837505878880099,0.03376427854918926,0.1837505878880099
273,0,val,16,0.032581563022729965,0.18050363714543252,0.03326809889247032,0.18239544646857367
273,1,val,14,0.03395463476221068,0.18426783431247756,0.03326809889247032,0.18239544646857367
273,-1,val,30,0.03326809889247032,0.18239544646857367,0.03326809889247032,0.18239544646857367
274,0,val,16,0.048004261280763995,0.219098747784564,0.032072156636977676,0.17908700856560666
274,1,val,14,0.01614005199319136,0.12704350433293063,0.032072156636977676,0.17908700856560666
274,-1,val,30,0.032072156636977676,0.17908700856560666,0.032072156636977676,0.17908700856560666
275,0,val,16,0.04305942621356135,0.20750765338551094,0.03232418814899781,0.17978928819314519
275,1,val,14,0.02158895008443427,0.1469317871817881,0.03232418814899781,0.17978928819314519
275,-1,val,30,0.03232418814899781,0.17978928819314519,0.03232418814899781,0.17978928819314519
276,0,val,16,0.03602360308660998,0.18979884901286936,0.0327257320286777,0.18090254843057824
276,1,val,14,0.029427860970745418,0.1715455069966725,0.0327257320286777,0.18090254843057824
276,-1,val,30,0.0327257320286777,0.18090254843057824,0.0327257320286777,0.18090254843057824
277,0,val,16,0.033954694664131556,0.18426799685276757,0.032772791601347676,0.18103257055388589
277,1,val,14,0.03159088853856379,0.17773825851111455,0.032772791601347676,0.18103257055388589
277,-1,val,30,0.032772791601347676,0.18103257055388589,0.032772791601347676,0.18103257055388589
278,0,val,16,0.036847693477332404,0.19195753040017055,0.03246407111140192,0.1801778874096428
278,1,val,14,0.028080448745471432,0.16757221949198928,0.03246407111140192,0.1801778874096428
278,-1,val,30,0.03246407111140192,0.1801778874096428,0.03246407111140192,0.1801778874096428
279,0,val,16,0.05411721080171357,0.23263106155823984,0.0311308403629181,0.17643933904579812
279,1,val,14,0.008144469924122634,0.09024671697143688,0.0311308403629181,0.17643933904579812
279,-1,val,30,0.0311308403629181,0.17643933904579812,0.0311308403629181,0.17643933904579812
280,0,val,16,0.053898826924661324,0.23216120891454137,0.03106169177931926,0.17624327442293866
280,1,val,14,0.008224556633977198,0.09068934134713516,0.03106169177931926,0.17624327442293866
280,-1,val,30,0.03106169177931926,0.17624327442293866,0.03106169177931926,0.17624327442293866
281,0,val,16,0.05316563690306033,0.2305767484007447,0.031019116773634628,0.1761224482388166
281,1,val,14,0.008872596644208924,0.09419446185529659,0.031019116773634628,0.1761224482388166
281,-1,val,30,0.031019116773634628,0.1761224482388166,0.031019116773634628,0.1761224482388166
282,0,val,16,0.02953144624459535,0.17184715954764965,0.032603561704724476,0.18056456381229535
282,1,val,14,0.035675677164853606,0.18888006026273288,0.032603561704724476,0.18056456381229535
282,-1,val,30,0.032603561704724476,0.18056456381229535,0.032603561704724476,0.18056456381229535
283,0,val,16,0.03195557568112733,0.17876122532900507,0.03234180298769281,0.17983826897435598
283,1,val,14,0.032728030294258297,0.18090890053907877,0.03234180298769281,0.17983826897435598
283,-1,val,30,0.03234180298769281,0.17983826897435598,0.03234180298769281,0.17983826897435598
284,0,val,16,0.04542344879559983,0.21312777574872738,0.031281347114534966,0.17686533610217398
284,1,val,14,0.0171392454334701,0.13091694097201514,0.031281347114534966,0.17686533610217398
284,-1,val,30,0.031281347114534966,0.17686533610217398,0.031281347114534966,0.17686533610217398
285,0,val,16,0.03313657852527465,0.18203455310812464,0.03205582695664372,0.1790414112898011
285,1,val,14,0.03097507538801278,0.17599737324179807,0.03205582695664372,0.1790414112898011
285,-1,val,30,0.03205582695664372,0.1790414112898011,0.03205582695664372,0.1790414112898011
286,0,val,16,0.03704067005226415,0.1924595283488561,0.03167831809258923,0.1779840388703134
286,1,val,14,0.02631596613291431,0.1622219656301646,0.03167831809258923,0.1779840388703134
286,-1,val,30,0.03167831809258923,0.1779840388703134,0.03167831809258923,0.1779840388703134
287,0,val,16,0.02060962043581003,0.14356051140829093,0.03275492750264665,0.18098322436802436
287,1,val,14,0.04490023456948328,0.21189675450436535,0.03275492750264665,0.18098322436802436
287,-1,val,30,0.03275492750264665,0.18098322436802436,0.03275492750264665,0.18098322436802436
288,0,val,16,0.02456123501390147,0.15672024442905094,0.03237536475082507,0.17993155573946742
288,1,val,14,0.04018949448774868,0.20047317647942,0.03237536475082507,0.17993155573946742
288,-1,val,30,0.03237536475082507,0.17993155573946742,0.03237536475082507,0.17993155573946742
289,0,val,16,0.031544185973447145,0.1776068297488786,0.031777606475585196,0.1782627456188903
289,1,val,14,0.03201102697772325,0.1789162568849551,0.031777606475585196,0.1782627456188903
289,-1,val,30,0.031777606475585196,0.1782627456188903,0.031777606475585196,0.1782627456188903
290,0,val,16,0.038167782677459385,0.19536576639078657,0.031211563678153816,0.17666794751214443
290,1,val,14,0.024255344678848243,0.15574127480808755,0.031211563678153816,0.17666794751214443
290,-1,val,30,0.031211563678153816,0.17666794751214443,0.031211563678153816,0.17666794751214443
291,0,val,16,0.01867343246674952,0.13665076826256603,0.032519154909115694,0.1803306821068331
291,1,val,14,0.04636487735148186,0.2153250504504338,0.032519154909115694,0.1803306821068331
291,-1,val,30,0.032519154909115694,0.1803306821068331,0.032519154909115694,0.1803306821068331
292,0,val,16,0.024195515299078034,0.15554907681846922,0.0320344393318502,0.17898167317312183
292,1,val,14,0.039873363364622355,0.199683157438534,0.0320344393318502,0.17898167317312183
292,-1,val,30,0.0320344393318502,0.17898167317312183,0.0320344393318502,0.17898167317312183
293,0,val,16,0.03473344255088103,0.1863691029942491,0.031187435532971604,0.17659964760149327
293,1,val,14,0.027641428515062173,0.16625711568249393,0.031187435532971604,0.17659964760149327
293,-1,val,30,0.031187435532971604,0.17659964760149327,0.031187435532971604,0.17659964760149327
294,0,val,16,0.030592108298839488,0.17490599846443086,0.031387955950753145,0.17716646395622718
294,1,val,14,0.0321838036026668,0.1793984492760927,0.031387955950753145,0.17716646395622718
294,-1,val,30,0.031387955950753145,0.17716646395622718,0.031387955950753145,0.17716646395622718
295,0,val,16,0.01628946864947477,0.12763020273224818,0.032319209734737626,0.17977544252410457
295,1,val,14,0.048348950820000486,0.21988394852740045,0.032319209734737626,0.17977544252410457
295,-1,val,30,0.032319209734737626,0.17977544252410457,0.032319209734737626,0.17977544252410457
296,0,val,16,0.044062527715399466,0.20991076131394376,0.03022352760320477,0.17384915186219566
296,1,val,14,0.016384527491010076,0.12800206049517357,0.03022352760320477,0.17384915186219566
296,-1,val,30,0.03022352760320477,0.17384915186219566,0.03022352760320477,0.17384915186219566
297,0,val,16,0.04040839088583258,0.20101838444737483,0.030395067027693463,0.17434181089943246
297,1,val,14,0.02038174316955434,0.14276464257495391,0.030395067027693463,0.17434181089943246
297,-1,val,30,0.030395067027693463,0.17434181089943246,0.030395067027693463,0.17434181089943246
298,0,val,16,0.009882957219799742,0.09941306362747172,0.0324847350114738,0.18023522133998615
298,1,val,14,0.05508651280314786,0.23470516143269593,0.0324847350114738,0.18023522133998615
298,-1,val,30,0.0324847350114738,0.18023522133998615,0.0324847350114738,0.18023522133998615
299,0,val,16,0.017313465344096158,0.13158064198086342,0.0318594466755164,0.17849214737773872
299,1,val,14,0.046405428006936644,0.2154191913617184,0.0318594466755164,0.17849214737773872
299,-1,val,30,0.0318594466755164,0.17849214737773872,0.0318594466755164,0.17849214737773872
300,0,val,16,0.03376184195673367,0.1837439576060494,0.030597559188694355,0.17492158011147269
300,1,val,14,0.027433276420655035,0.16562993817741717,0.030597559188694355,0.17492158011147269
300,-1,val,30,0.030597559188694355,0.17492158011147269,0.030597559188694355,0.17492158011147269
301,0,val,16,0.02061819800711006,0.1435903827110648,0.03145012911365325,0.17734184253484356
301,1,val,14,0.042282060220196434,0.20562602028973967,0.03145012911365325,0.17734184253484356
301,-1,val,30,0.03145012911365325,0.17734184253484356,0.03145012911365325,0.17734184253484356
302,0,val,16,0.03457916839972036,0.1859547482580651,0.030368184047238303,0.17426469535519323
302,1,val,14,0.026157199694756248,0.16173187593902524,0.030368184047238303,0.17426469535519323
302,-1,val,30,0.030368184047238303,0.17426469535519323,0.030368184047238303,0.17426469535519323
303,0,val,16,0.033096772430030855,0.1819251836058737,0.03039156721722458,0.17433177340124945
303,1,val,14,0.0276863620044183,0.1663921933397667,0.03039156721722458,0.17433177340124945
303,-1,val,30,0.03039156721722458,0.17433177340124945,0.03039156721722458,0.17433177340124945
304,0,val,16,0.047732765985570955,0.21847829637190727,0.02924431629497302,0.17100969649400885
304,1,val,14,0.010755866604375086,0.10371049418634107,0.02924431629497302,0.17100969649400885
304,-1,val,30,0.02924431629497302,0.17100969649400885,0.02924431629497302,0.17100969649400885
305,0,val,16,0.026827499665263255,0.16379102437332535,0.03063571757649751,0.17503061896850364
305,1,val,14,0.03444393548773176,0.1855907742527407,0.03063571757649751,0.17503061896850364
305,-1,val,30,0.03063571757649751,0.17503061896850364,0.03063571757649751,0.17503061896850364
306,0,val,16,0.037143221139288085,0.19272576667194266,0.0298023520431258,0.17263357739190194
306,1,val,14,0.022461482946963512,0.1498715548293388,0.0298023520431258,0.17263357739190194
306,-1,val,30,0.0298023520431258,0.17263357739190194,0.0298023520431258,0.17263357739190194
307,0,val,16,0.03738303522695061,0.19334692970655265,0.029686187688456114,0.17229680115561088
307,1,val,14,0.021989340149961612,0.14828803104081467,0.029686187688456114,0.17229680115561088
307,-1,val,30,0.029686187688456114,0.17229680115561088,0.029686187688456114,0.17229680115561088
308,0,val,16,0.03936513159294563,0.19840648072314984,0.02945960378333711,0.1716380021537687
308,1,val,14,0.01955407597372859,0.13983588943375228,0.02945960378333711,0.1716380021537687
308,-1,val,30,0.02945960378333711,0.1716380021537687,0.02945960378333711,0.1716380021537687
309,0,val,16,0.027207953336119566,0.16494833535419376,0.030251160331913156,0.1739286069969893
309,1,val,14,0.03329436732770675,0.18246744182923907,0.030251160331913156,0.1739286069969893
309,-1,val,30,0.030251160331913156,0.1739286069969893,0.030251160331913156,0.1739286069969893
310,0,val,16,0.039205624246728514,0.19800410159067036,0.0292963398446696,0.17116173592444545
310,1,val,14,0.019387055442610684,0.1392374067648873,0.0292963398446696,0.17116173592444545
310,-1,val,30,0.0292963398446696,0.17116173592444545,0.0292963398446696,0.17116173592444545
311,0,val,16,0.043907197665726365,0.20954044398570498,0.028882570874421535,0.16994873013477194
311,1,val,14,0.013857944083116703,0.11771976929605624,0.028882570874421535,0.16994873013477194
311,-1,val,30,0.028882570874421535,0.16994873013477194,0.028882570874421535,0.16994873013477194
312,0,val,16,0.03313009615136514,0.1820167468980949,0.029564825304955918,0.17194425057255017
312,1,val,14,0.025999554458546698,0.16124377339465454,0.029564825304955918,0.17194425057255017
312,-1,val,30,0.029564825304955918,0.17194425057255017,0.029564825304955918,0.17194425057255017
313,0,val,16,0.03273030835341262,0.18091519657953728,0.02948744235923892,0.17171907977635717
313,1,val,14,0.026244576365065216,0.1620017788947554,0.02948744235923892,0.17171907977635717
313,-1,val,30,0.02948744235923892,0.17171907977635717,0.02948744235923892,0.17171907977635717
314,0,val,16,0.03325552610060108,0.18236097746119118,0.029356305086784426,0.1713368176627091
314,1,val,14,0.025457084072967776,0.15955276266165927,0.029356305086784426,0.1713368176627091
314,-1,val,30,0.029356305086784426,0.1713368176627091,0.029356305086784426,0.1713368176627091
315,0,val,16,0.043446686977385934,0.20843868877294813,0.028548695308264715,0.16896359166478653
315,1,val,14,0.013650703639143497,0.11683622571421715,0.028548695308264715,0.16896359166478653
315,-1,val,30,0.028548695308264715,0.16896359166478653,0.028548695308264715,0.16896359166478653
316,0,val,16,0.020099777189418,0.1417736829930647,0.03013233004943232,0.1735866643767093
316,1,val,14,0.04016488290944664,0.20041178335977813,0.03013233004943232,0.1735866643767093
316,-1,val,30,0.03013233004943232,0.1735866643767093,0.03013233004943232,0.1735866643767093
317,0,val,16,0.02209807317537967,0.1486542067194187,0.029909155256090773,0.17294263573824348
317,1,val,14,0.037720237336801875,0.1942169851913109,0.029909155256090773,0.17294263573824348
317,-1,val,30,0.029909155256090773,0.17294263573824348,0.029909155256090773,0.17294263573824348
318,0,val,16,0.039314590473077934,0.1982790722014755,0.028603466391502352,0.16912559354368087
318,1,val,14,0.017892342309926774,0.13376226040975375,0.028603466391502352,0.16912559354368087
318,-1,val,30,0.028603466391502352,0.16912559354368087,0.028603466391502352,0.16912559354368087
319,0,val,16,0.007071060054440322,0.08408959539943286,0.030816760434510357,0.17554703197294552
319,1,val,14,0.05456246081458039,0.23358608865807995,0.030816760434510357,0.17554703197294552
319,-1,val,30,0.030816760434510357,0.17554703197294552,0.030816760434510357,0.17554703197294552
320,0,val,16,0.013446747731777547,0.11596011267577118,0.03027449541382988,0.1739956764228062
320,1,val,14,0.047102243095882214,0.21703051190070538,0.03027449541382988,0.1739956764228062
320,-1,val,30,0.03027449541382988,0.1739956764228062,0.03027449541382988,0.1739956764228062
321,0,val,16,0.02283387628937572,0.1511088226721912,0.029521903451867303,0.17181939195523682
321,1,val,14,0.036209930614358884,0.19028907119001576,0.029521903451867303,0.17181939195523682
321,-1,val,30,0.029521903451867303,0.17181939195523682,0.029521903451867303,0.17181939195523682
322,0,val,16,0.021796948030599582,0.14763789496805887,0.029515674126286667,0.17180126345951785
322,1,val,14,0.03723440022197375,0.1929621730339233,0.029515674126286667,0.17180126345951785
322,-1,val,30,0.029515674126286667,0.17180126345951785,0.029515674126286667,0.17180126345951785
323,0,val,16,0.013757160195642165,0.11729092119871071,0.030002819118034218,0.173213218658491
323,1,val,14,0.04624847804042627,0.21505459316282055,0.030002819118034218,0.173213218658491
323,-1,val,30,0.030002819118034218,0.173213218658491,0.030002819118034218,0.173213218658491
324,0,val,16,0.02531485082759637,0.1591064135338245,0.02909402470595677,0.17056970629615556
324,1,val,14,0.03287319858431716,0.18130967592579597,0.02909402470595677,0.17056970629615556
324,-1,val,30,0.02909402470595677,0.17056970629615556,0.02909402470595677,0.17056970629615556
325,0,val,16,0.04246261167951252,0.20606458133195166,0.02778897467979771,0.1667002539884019
325,1,val,14,0.0131153376800829,0.11452221478858544,0.02778897467979771,0.1667002539884019
325,-1,val,30,0.02778897467979771,0.1667002539884019,0.02778897467979771,0.1667002539884019
326,0,val,16,0.025480574747139682,0.15962635981296974,0.028917029172925726,0.17005007842669678
326,1,val,14,0.03235348359871177,0.1798707413636575,0.028917029172925726,0.17005007842669678
326,-1,val,30,0.028917029172925726,0.17005007842669678,0.028917029172925726,0.17005007842669678
327,0,val,16,0.022343702009830622,0.14947809876309848,0.029072934838898477,0.17050787324607178
327,1,val,14,0.03580216766796633,0.18921460743813182,0.029072934838898477,0.17050787324607178
327,-1,val,30,0.029072934838898477,0.17050787324607178,0.029072934838898477,0.17050787324607178
328,0,val,16,0.021681146276556228,0.14724519101334424,0.029029881682645992,0.170381576711351
328,1,val,14,0.03637861708873576,0.19073179359701872,0.029029881682645992,0.170381576711351
328,-1,val,30,0.029029881682645992,0.170381576711351,0.029029881682645992,0.170381576711351
329,0,val,16,0.01790929743744194,0.13382562324697742,0.02919929253706421,0.17087800483697196
329,1,val,14,0.04048928763668648,0.20121950113417555,0.02919929253706421,0.17087800483697196
329,-1,val,30,0.02919929253706421,0.17087800483697196,0.02919929253706421,0.17087800483697196
330,0,val,16,0.03149279141265097,0.17746208443679165,0.028152368455936244,0.16778667544217046
330,1,val,14,0.024811945499221524,0.15751807991218508,0.028152368455936244,0.16778667544217046
330,-1,val,30,0.028152368455936244,0.16778667544217046,0.028152368455936244,0.16778667544217046
331,0,val,16,0.014969454951604283,0.12234972395393577,0.02924892219181263,0.17102316273479634
331,1,val,14,0.043528389432020975,0.20863458349952668,0.02924892219181263,0.17102316273479634
331,-1,val,30,0.02924892219181263,0.17102316273479634,0.02924892219181263,0.17102316273479634
332,0,val,16,0.032067743927856954,0.1790746881272084,0.027952980547229386,0.16719144878620254
332,1,val,14,0.023838217166601817,0.154396299070288,0.027952980547229386,0.16719144878620254
332,-1,val,30,0.027952980547229386,0.16719144878620254,0.027952980547229386,0.16719144878620254
333,0,val,16,0.006678825358769805,0.08172408065417319,0.029679621964419436,0.17227774657343134
333,1,val,14,0.05268041857006907,0.22952215267827433,0.029679621964419436,0.17227774657343134
333,-1,val,30,0.029679621964419436,0.17227774657343134,0.029679621964419436,0.17227774657343134
334,0,val,16,0.03818486171063602,0.19540947190613872,0.027347808880292403,0.1653717293865321
334,1,val,14,0.016510756049948786,0.12849418683329136,0.027347808880292403,0.1653717293865321
334,-1,val,30,0.027347808880292403,0.1653717293865321,0.027347808880292403,0.1653717293865321
335,0,val,16,0.01868431027943284,0.13669056397364393,0.028645435178847548,0.16924962386619224
335,1,val,14,0.038606560078262256,0.19648552129422223,0.028645435178847548,0.16924962386619224
335,-1,val,30,0.028645435178847548,0.16924962386619224,0.028645435178847548,0.16924962386619224
336,0,val,16,0.01737326850850653,0.13180769517940344,0.028645074296650794,0.16924855773876124
336,1,val,14,0.039916880084795055,0.1997920921478001,0.028645074296650794,0.16924855773876124
336,-1,val,30,0.028645074296650794,0.16924855773876124,0.028645074296650794,0.16924855773876124
337,0,val,16,0.04004555017857452,0.2001138430458386,0.026924270294148754,0.16408616728459702
337,1,val,14,0.013802990409722984,0.1174861285842843,0.026924270294148754,0.16408616728459702
337,-1,val,30,0.026924270294148754,0.16408616728459702,0.026924270294148754,0.16408616728459702
338,0,val,16,0.006255000260610155,0.07908855960636883,0.029254856659093068,0.17104051174822024
338,1,val,14,0.05225471305757598,0.22859289809085492,0.029254856659093068,0.17104051174822024
338,-1,val,30,0.029254856659093068,0.17104051174822024,0.029254856659093068,0.17104051174822024
339,0,val,16,0.02067400320623205,0.1437845722121537,0.028133571184895085,0.16773065070193666
339,1,val,14,0.03559313916355812,0.18866144058486917,0.028133571184895085,0.16773065070193666
339,-1,val,30,0.028133571184895085,0.16773065070193666,0.028133571184895085,0.16773065070193666
340,0,val,16,0.03622639731574133,0.19033233386826667,0.026952529093291433,0.16417225433455993
340,1,val,14,0.01767866087084154,0.13296112541205998,0.026952529093291433,0.16417225433455993
340,-1,val,30,0.026952529093291433,0.16417225433455993,0.026952529093291433,0.16417225433455993
341,0,val,16,0.011424426776649196,0.10688511017278879,0.02865505381510945,0.1692780370133983
341,1,val,14,0.0458856808535697,0.21420943222362945,0.02865505381510945,0.1692780370133983
341,-1,val,30,0.02865505381510945,0.1692780370133983,0.02865505381510945,0.1692780370133983
342,0,val,16,0.030987059297919485,0.1760314156561819,0.02720579536488097,0.1649417938694768
342,1,val,14,0.023424531431842453,0.15305074789703726,0.02720579536488097,0.1649417938694768
342,-1,val,30,0.02720579536488097,0.1649417938694768,0.02720579536488097,0.1649417938694768
343,0,val,16,0.011313856431234918,0.10636661332972353,0.028524955525781628,0.16889332587696185
343,1,val,14,0.045736054620328336,0.2138598948384861,0.028524955525781628,0.16889332587696185
343,-1,val,30,0.028524955525781628,0.16889332587696185,0.028524955525781628,0.16889332587696185
344,0,val,16,0.023179502355348002,0.1522481604333793,0.027605617753094114,0.16614938384807243
344,1,val,14,0.03203173315084022,0.17897411307460143,0.027605617753094114,0.16614938384807243
344,-1,val,30,0.027605617753094114,0.16614938384807243,0.027605617753094114,0.16614938384807243
345,0,val,16,0.02127087887978798,0.14584539375581246,0.02766762234245342,0.16633587208552886
345,1,val,14,0.03406436580511886,0.18456534291442384,0.02766762234245342,0.16633587208552886
345,-1,val,30,0.02766762234245342,0.16633587208552886,0.02766762234245342,0.16633587208552886
346,0,val,16,0.03978411944539897,0.199459568447841,0.026253430379402906,0.16202910349502928
346,1,val,14,0.012722741313406847,0.1127951298301786,0.026253430379402906,0.16202910349502928
346,-1,val,30,0.026253430379402906,0.16202910349502928,0.026253430379402906,0.16202910349502928
347,0,val,16,0.03072333126865075,0.1752807213262507,0.02680196507618487,0.16371305713407489
347,1,val,14,0.022880598883718992,0.15126334282872037,0.02680196507618487,0.16371305713407489
347,-1,val,30,0.02680196507618487,0.16371305713407489,0.02680196507618487,0.16371305713407489
348,0,val,16,0.039595997567319796,0.19898743067671334,0.0260761264308363,0.16148104046864542
348,1,val,14,0.012556255294352801,0.11205469777904362,0.0260761264308363,0.16148104046864542
348,-1,val,30,0.0260761264308363,0.16148104046864542,0.0260761264308363,0.16148104046864542
349,0,val,16,0.029581307649103848,0.17199217322048072,0.026705356833497944,0.16341773720590413
349,1,val,14,0.023829406017892043,0.15436776223645934,0.026705356833497944,0.16341773720590413
349,-1,val,30,0.026705356833497944,0.16341773720590413,0.026705356833497944,0.16341773720590413
350,0,val,16,0.04189864838715682,0.20469159334754522,0.025748015403505086,0.16046188146567733
350,1,val,14,0.009597382419853357,0.09796623101790411,0.025748015403505086,0.16046188146567733
350,-1,val,30,0.025748015403505086,0.16046188146567733,0.025748015403505086,0.16046188146567733
351,0,val,16,0.027684366080503738,0.16638619558275783,0.026678148378089656,0.163334467820144
351,1,val,14,0.025671930675675577,0.16022462568430476,0.026678148378089656,0.163334467820144
351,-1,val,30,0.026678148378089656,0.163334467820144,0.026678148378089656,0.163334467820144
352,0,val,16,0.02735544903727561,0.16539482772225864,0.026619818689890554,0.16315581108220006
352,1,val,14,0.0258841883425055,0.16088563746495677,0.026619818689890554,0.16315581108220006
352,-1,val,30,0.026619818689890554,0.16315581108220006,0.026619818689890554,0.16315581108220006
353,0,val,16,0.034834016670135734,0.1866387330382837,0.02600941330314053,0.16127434173835753
353,1,val,14,0.017184809936145327,0.13109084611880925,0.02600941330314053,0.16127434173835753
353,-1,val,30,0.02600941330314053,0.16127434173835753,0.02600941330314053,0.16127434173835753
354,0,val,16,0.018992537928016046,0.1378134170827211,0.027071023374284478,0.16453274255990652
354,1,val,14,0.035149508820552906,0.18748202265964836,0.027071023374284478,0.16453274255990652
354,-1,val,30,0.027071023374284478,0.16453274255990652,0.027071023374284478,0.16453274255990652
355,0,val,16,0.011304681790335551,0.1063234771362165,0.027549464211040188,0.16598031272123867
355,1,val,14,0.043794246631744825,0.20927074958470623,0.027549464211040188,0.16598031272123867
355,-1,val,30,0.027549464211040188,0.16598031272123867,0.027549464211040188,0.16598031272123867
356,0,val,16,0.01268760030299848,0.11263924850157019,0.02736685383963457,0.16542930163557654
356,1,val,14,0.04204610737627066,0.20505147494292905,0.02736685383963457,0.16542930163557654
356,-1,val,30,0.02736685383963457,0.16542930163557654,0.02736685383963457,0.16542930163557654
357,0,val,16,0.027141234128175522,0.16474596847320885,0.026253749087679586,0.16203008698287977
357,1,val,14,0.02536626404718365,0.15926790024102047,0.026253749087679586,0.16203008698287977
357,-1,val,30,0.026253749087679586,0.16203008698287977,0.026253749087679586,0.16203008698287977
358,0,val,16,0.014632276930961096,0.12096394888958072,0.02706883963169017,0.1645261062314737
358,1,val,14,0.03950540233241925,0.19875965972102902,0.02706883963169017,0.1645261062314737
358,-1,val,30,0.02706883963169017,0.1645261062314737,0.02706883963169017,0.1645261062314737
359,0,val,16,0.03700622834960119,0.19237002975931877,0.025397732078752257,0.159366659244499
359,1,val,14,0.013789235807903324,0.117427576862947,0.025397732078752257,0.159366659244499
359,-1,val,30,0.025397732078752257,0.159366659244499,0.025397732078752257,0.159366659244499
360,0,val,16,0.03681248955198224,0.19186581131609207,0.02534020954040581,0.1591860846318101
360,1,val,14,0.013867929528829379,0.11776217359079859,0.02534020954040581,0.1591860846318101
360,-1,val,30,0.02534020954040581,0.1591860846318101,0.02534020954040581,0.1591860846318101
361,0,val,16,0.03554215751688493,0.18852627805397562,0.025382689892757326,0.1593194586130562
361,1,val,14,0.015223222268629726,0.12338242285118949,0.025382689892757326,0.1593194586130562
361,-1,val,30,0.025382689892757326,0.1593194586130562,0.025382689892757326,0.1593194586130562
362,0,val,16,0.016878660274980632,0.1299178982087558,0.026630202861181597,0.16318763084615695
362,1,val,14,0.03638174544738256,0.19073999435719444,0.026630202861181597,0.16318763084615695
362,-1,val,30,0.026630202861181597,0.16318763084615695,0.026630202861181597,0.16318763084615695
363,0,val,16,0.03462202211915873,0.1860699387842075,0.025283120944764252,0.1590066694977423
363,1,val,14,0.01594421977036978,0.12627042318124138,0.025283120944764252,0.1590066694977423
363,-1,val,30,0.025283120944764252,0.1590066694977423,0.025283120944764252,0.1590066694977423
364,0,val,16,0.023000329647351003,0.15165859569226864,0.026048095258877614,0.16139422312734
364,1,val,14,0.029095860870404222,0.17057508865717824,0.026048095258877614,0.16139422312734
364,-1,val,30,0.026048095258877614,0.16139422312734,0.026048095258877614,0.16139422312734
365,0,val,16,0.040485077192541984,0.20120903854584163,0.024716472910380687,0.15721473502945163
365,1,val,14,0.008947868628219393,0.09459317432150902,0.024716472910380687,0.15721473502945163
365,-1,val,30,0.024716472910380687,0.15721473502945163,0.024716472910380687,0.15721473502945163
366,0,val,16,0.01483990083090842,0.12181913162926593,0.02648208492753705,0.16273317095029227
366,1,val,14,0.03812426902416568,0.19525437005139137,0.02648208492753705,0.16273317095029227
366,-1,val,30,0.02648208492753705,0.16273317095029227,0.02648208492753705,0.16273317095029227
367,0,val,16,0.02855112735898898,0.1689707884783313,0.025433893278868882,0.1594800717295703
367,1,val,14,0.022316659198748784,0.14938761394020852,0.025433893278868882,0.1594800717295703
367,-1,val,30,0.025433893278868882,0.1594800717295703,0.025433893278868882,0.1594800717295703
368,0,val,16,0.04025517479286088,0.20063692280550177,0.024523816241652733,0.15660081813851653
368,1,val,14,0.008792457690444587,0.09376810593397196,0.024523816241652733,0.15660081813851653
368,-1,val,30,0.024523816241652733,0.15660081813851653,0.024523816241652733,0.15660081813851653
369,0,val,16,0.03607517989147871,0.18993467269426798,0.024762651558261406,0.15736153138000852
369,1,val,14,0.013450123225044106,0.11597466630710393,0.024762651558261406,0.15736153138000852
369,-1,val,30,0.024762651558261406,0.15736153138000852,0.024762651558261406,0.15736153138000852
370,0,val,16,0.03407789597883802,0.18460199343137662,0.024826973860611355,0.15756577629869806
370,1,val,14,0.015576051742384687,0.12480405338924168,0.024826973860611355,0.15756577629869806
370,-1,val,30,0.024826973860611355,0.15756577629869806,0.024826973860611355,0.15756577629869806
371,0,val,16,0.023753515117538572,0.15412175419952426,0.02548892180047084,0.15965250327029276
371,1,val,14,0.02722432848340311,0.16499796508867348,0.02548892180047084,0.15965250327029276
371,-1,val,30,0.02548892180047084,0.15965250327029276,0.02548892180047084,0.15965250327029276
372,0,val,16,0.024795633524182313,0.15746629329536627,0.02532896221841812,0.15915075311923008
372,1,val,14,0.025862290912653928,0.16081757028587992,0.02532896221841812,0.15915075311923008
372,-1,val,30,0.02532896221841812,0.15915075311923008,0.02532896221841812,0.15915075311923008
373,0,val,16,0.022897909331885357,0.1513205515846587,0.025396416853099218,0.1593625327769963
373,1,val,14,0.02789492437431308,0.16701773670575554,0.025396416853099218,0.1593625327769963
373,-1,val,30,0.025396416853099218,0.1593625327769963,0.025396416853099218,0.1593625327769963
374,0,val,16,0.041984976397101616,0.20490235820288066,0.023950027689227934,0.15475796486523055
374,1,val,14,0.005915078981354251,0.07690955065110087,0.023950027689227934,0.15475796486523055
374,-1,val,30,0.023950027689227934,0.15475796486523055,0.023950027689227934,0.15475796486523055
375,0,val,16,0.013826591669045601,0.11758652843351403,0.025902761188203564,0.1609433477600226
375,1,val,14,0.037978930707361525,0.19488183780784069,0.025902761188203564,0.1609433477600226
375,-1,val,30,0.025902761188203564,0.1609433477600226,0.025902761188203564,0.1609433477600226
376,0,val,16,0.035391423435329805,0.18812608387815286,0.024290982441060545,0.15585564616355913
376,1,val,14,0.013190541446791285,0.11485008248491285,0.024290982441060545,0.15585564616355913
376,-1,val,30,0.024290982441060545,0.15585564616355913,0.024290982441060545,0.15585564616355913
377,0,val,16,0.024395194955201864,0.1561896121872446,0.0250142312808698,0.1581588798672708
377,1,val,14,0.025633267606537738,0.1601039275175276,0.0250142312808698,0.1581588798672708
377,-1,val,30,0.0250142312808698,0.1581588798672708,0.0250142312808698,0.1581588798672708
378,0,val,16,0.0269544069930145,0.1641779735318185,0.02476826474414917,0.15737936568733898
378,1,val,14,0.02258212249528384,0.1502734923241083,0.02476826474414917,0.15737936568733898
378,-1,val,30,0.02476826474414917,0.15737936568733898,0.02476826474414917,0.15737936568733898
379,0,val,16,0.02253274173869931,0.15010909945336195,0.025022521083509913,0.15818508489585834
379,1,val,14,0.02751230042832052,0.16586832255834905,0.025022521083509913,0.15818508489585834
379,-1,val,30,0.025022521083509913,0.15818508489585834,0.025022521083509913,0.15818508489585834
380,0,val,16,0.019501652453361332,0.1396483170445005,0.025158329723606612,0.1586137753273864
380,1,val,14,0.03081500699385189,0.17554203768286356,0.025158329723606612,0.1586137753273864
380,-1,val,30,0.025158329723606612,0.1586137753273864,0.025158329723606612,0.1586137753273864
381,0,val,16,0.0280789427373482,0.16756772582257062,0.024486665640890692,0.15648215757999598
381,1,val,14,0.020894388544433186,0.14454891402024847,0.024486665640890692,0.15648215757999598
381,-1,val,30,0.024486665640890692,0.15648215757999598,0.024486665640890692,0.15648215757999598
382,0,val,16,0.023145475034358966,0.1521363698605924,0.02472807664368328,0.15725163478858742
382,1,val,14,0.02631067825300759,0.16220566652557977,0.02472807664368328,0.15725163478858742
382,-1,val,30,0.02472807664368328,0.15725163478858742,0.02472807664368328,0.15725163478858742
383,0,val,16,0.01411744935059701,0.11881687317295053,0.025299865284844035,0.1590593137318404
383,1,val,14,0.036482281219091056,0.19100335394723061,0.025299865284844035,0.1590593137318404
383,-1,val,30,0.025299865284844035,0.1590593137318404,0.025299865284844035,0.1590593137318404
384,0,val,16,0.043344263156557705,0.2081928508776363,0.023150191536101324,0.15215186997241054
384,1,val,14,0.0029561199156449445,0.05437021165716522,0.023150191536101324,0.15215186997241054
384,-1,val,30,0.023150191536101324,0.15215186997241054,0.023150191536101324,0.15215186997241054
385,0,val,16,0.015858874097083857,0.12593202173031234,0.025035515550583535,0.158226153181399
385,1,val,14,0.03421215700408321,0.18496528594329048,0.025035515550583535,0.158226153181399
385,-1,val,30,0.025035515550583535,0.158226153181399,0.025035515550583535,0.158226153181399
386,0,val,16,0.030081167596817247,0.173439233153336,0.0239404460373829,0.15472700487433633
386,1,val,14,0.017799724477948548,0.13341560807472472,0.0239404460373829,0.15472700487433633
386,-1,val,30,0.0239404460373829,0.15472700487433633,0.0239404460373829,0.15472700487433633
387,0,val,16,0.024429316764522,0.15629880602398089,0.024272103097606447,0.1557950676292624
387,1,val,14,0.024114889430690893,0.15528969518513097,0.024272103097606447,0.1557950676292624
387,-1,val,30,0.024272103097606447,0.1557950676292624,0.024272103097606447,0.1557950676292624
388,0,val,16,0.024346303002920767,0.15603301895086427,0.024212769913391538,0.15560453050406836
388,1,val,14,0.024079236823862305,0.1551748588652888,0.024212769913391538,0.15560453050406836
388,-1,val,30,0.024212769913391538,0.15560453050406836,0.024212769913391538,0.15560453050406836
389,0,val,16,0.023029069309689676,0.1517533172938558,0.024250718733952452,0.15572642272251827
389,1,val,14,0.025472368158215228,0.15960065212340213,0.024250718733952452,0.15572642272251827
389,-1,val,30,0.024250718733952452,0.15572642272251827,0.024250718733952452,0.15572642272251827
390,0,val,16,0.032399627259575396,0.17999896460695378,0.02352754406173332,0.15338690968180213
390,1,val,14,0.014655460863891245,0.12105974088808899,0.02352754406173332,0.15338690968180213
390,-1,val,30,0.02352754406173332,0.15338690968180213,0.02352754406173332,0.15338690968180213
391,0,val,16,0.01147561797996902,0.1071243108727847,0.02494909303737264,0.15795281902319008
391,1,val,14,0.038422568094776254,0.19601675462770077,0.02494909303737264,0.15795281902319008
391,-1,val,30,0.02494909303737264,0.15795281902319008,0.02494909303737264,0.15795281902319008
392,0,val,16,0.04248308963712545,0.20611426354603762,0.022670417207107336,0.15056698578077246
392,1,val,14,0.0028577447770892213,0.05345787853150573,0.022670417207107336,0.15056698578077246
392,-1,val,30,0.022670417207107336,0.15056698578077246,0.022670417207107336,0.15056698578077246
393,0,val,16,0.010828989056368206,0.10406242864919214,0.024865184536677902,0.15768698277498336
393,1,val,14,0.0389013800169876,0.19723432768407126,0.024865184536677902,0.15768698277498336
393,-1,val,30,0.024865184536677902,0.15768698277498336,0.024865184536677902,0.15768698277498336
394,0,val,16,0.021026949273189387,0.14500672147590052,0.024076537574511496,0.15516616117733756
394,1,val,14,0.027126125875833604,0.1647001089126343,0.024076537574511496,0.15516616117733756
394,-1,val,30,0.024076537574511496,0.15516616117733756,0.024076537574511496,0.15516616117733756
395,0,val,16,0.02641543568862968,0.16252826119979774,0.023611141417610705,0.15365917290422562
395,1,val,14,0.020806847146591728,0.14424578727502488,0.023611141417610705,0.15365917290422562
395,-1,val,30,0.023611141417610705,0.15365917290422562,0.023611141417610705,0.15365917290422562
396,0,val,16,0.031186717842627398,0.17659761561988147,0.02322144869221506,0.1523858546329516
396,1,val,14,0.01525617954180272,0.12351590805156525,0.02322144869221506,0.1523858546329516
396,-1,val,30,0.02322144869221506,0.1523858546329516,0.02322144869221506,0.1523858546329516
397,0,val,16,0.01527239714651534,0.12358154047638077,0.024272928880901982,0.15579771782956894
397,1,val,14,0.03327346061528862,0.18241014394843458,0.024272928880901982,0.15579771782956894
397,-1,val,30,0.024272928880901982,0.15579771782956894,0.024272928880901982,0.15579771782956894
398,0,val,16,0.031069474331692833,0.17626535204541144,0.023081698480078856,0.15192662202549906
398,1,val,14,0.01509392262846488,0.12285732631172176,0.023081698480078856,0.15192662202549906
398,-1,val,30,0.023081698480078856,0.15192662202549906,0.023081698480078856,0.15192662202549906
399,0,val,16,0.033964800128867545,0.18429541537669228,0.02281048579670275,0.1510314066567042
399,1,val,14,0.011656171464537958,0.10796375069687955,0.02281048579670275,0.1510314066567042
399,-1,val,30,0.02281048579670275,0.1510314066567042,0.02281048579670275,0.1510314066567042
400,0,val,16,0.03364532214636375,0.18342661242677888,0.022748224162811224,0.1508251443321412
400,1,val,14,0.011851126179258695,0.10886287787514481,0.022748224162811224,0.1508251443321412
400,-1,val,30,0.022748224162811224,0.1508251443321412,0.022748224162811224,0.1508251443321412
401,0,val,16,0.011177932709511517,0.1057257428893811,0.0242904789016131,0.1558540307518965
401,1,val,14,0.03740302509371468,0.19339861709359424,0.0242904789016131,0.1558540307518965
401,-1,val,30,0.0242904789016131,0.1558540307518965,0.0242904789016131,0.1558540307518965
402,0,val,16,0.01754716083212101,0.13246569681287684,0.0237745883913561,0.1541901047128385
402,1,val,14,0.030002015950591193,0.1732109002072075,0.0237745883913561,0.1541901047128385
402,-1,val,30,0.0237745883913561,0.1541901047128385,0.0237745883913561,0.1541901047128385
403,0,val,16,0.01787022656706102,0.13367956675221918,0.023697789245741147,0.1539408628199191
403,1,val,14,0.029525351924421274,0.17182942682911234,0.023697789245741147,0.1539408628199191
403,-1,val,30,0.023697789245741147,0.1539408628199191,0.023697789245741147,0.1539408628199191
404,0,val,16,0.03661959987460671,0.19136248293384656,0.02228702877408341,0.14928840803653648
404,1,val,14,0.007954457673560107,0.08918776638956773,0.02228702877408341,0.14928840803653648
404,-1,val,30,0.02228702877408341,0.14928840803653648,0.02228702877408341,0.14928840803653648
405,0,val,16,0.02836093790612937,0.1684070601433603,0.02281977770732411,0.15106216504248873
405,1,val,14,0.01727861750851885,0.13144815521154662,0.02281977770732411,0.15106216504248873
405,-1,val,30,0.02281977770732411,0.15106216504248873,0.02281977770732411,0.15106216504248873
406,0,val,16,0.025781103217183875,0.16056495015159403,0.022943452065967,0.1514709611310597
406,1,val,14,0.02010580091475012,0.14179492556064946,0.022943452065967,0.1514709611310597
406,-1,val,30,0.022943452065967,0.1514709611310597,0.022943452065967,0.1514709611310597
407,0,val,16,0.026196381390345563,0.16185296225384804,0.022833016657806078,0.15110597823317937
407,1,val,14,0.019469651925266597,0.13953369458760345,0.022833016657806078,0.15110597823317937
407,-1,val,30,0.022833016657806078,0.15110597823317937,0.022833016657806078,0.15110597823317937
408,0,val,16,0.0074280336236029155,0.08618604076996991,0.024103836077185598,0.1552541016436783
408,1,val,14,0.040779638530768283,0.20193969033047535,0.024103836077185598,0.1552541016436783
408,-1,val,30,0.024103836077185598,0.1552541016436783,0.024103836077185598,0.1552541016436783
409,0,val,16,0.021383957578558217,0.14623254623563872,0.023062956438800575,0.15186492827114684
409,1,val,14,0.024741955299042936,0.1572957574095466,0.023062956438800575,0.15186492827114684
409,-1,val,30,0.023062956438800575,0.15186492827114684,0.023062956438800575,0.15186492827114684
410,0,val,16,0.025605829899155386,0.16001821739775565,0.022725926023180618,0.1507512057105369
410,1,val,14,0.019846022147205846,0.14087591045741585,0.022725926023180618,0.1507512057105369
410,-1,val,30,0.022725926023180618,0.1507512057105369,0.022725926023180618,0.1507512057105369
411,0,val,16,0.017583247671467954,0.1326018388691045,0.023207660251391003,0.15234060604904723
411,1,val,14,0.028832072831314053,0.16980009667639784,0.023207660251391003,0.15234060604904723
411,-1,val,30,0.023207660251391003,0.15234060604904723,0.023207660251391003,0.15234060604904723
412,0,val,16,0.015415335467723551,0.12415850944548082,0.02329851457483151,0.1526385094752681
412,1,val,14,0.03118169368193947,0.17658339016436247,0.02329851457483151,0.1526385094752681
412,-1,val,30,0.02329851457483151,0.1526385094752681,0.02329851457483151,0.1526385094752681
413,0,val,16,0.0332356769611968,0.18230654667673568,0.02196043526506903,0.1481905370294238
413,1,val,14,0.010685193568941258,0.10336920996574007,0.02196043526506903,0.1481905370294238
413,-1,val,30,0.02196043526506903,0.1481905370294238,0.02196043526506903,0.1481905370294238
414,0,val,16,0.02856952759370135,0.16902522768421685,0.022224595797303497,0.14907915950025843
414,1,val,14,0.015879664000905645,0.1260145388473316,0.022224595797303497,0.14907915950025843
414,-1,val,30,0.022224595797303497,0.14907915950025843,0.022224595797303497,0.14907915950025843
415,0,val,16,0.019962094401262686,0.14128727614779288,0.022797890002740934,0.1509897016446517
415,1,val,14,0.025633685604219178,0.16010523290704518,0.022797890002740934,0.1509897016446517
415,-1,val,30,0.022797890002740934,0.1509897016446517,0.022797890002740934,0.1509897016446517
416,0,val,16,0.022697594298794248,0.15065720792180587,0.022513285943334942,0.15004427994207223
416,1,val,14,0.022328977587875637,0.14942883787233185,0.022513285943334942,0.15004427994207223
416,-1,val,30,0.022513285943334942,0.15004427994207223,0.022513285943334942,0.15004427994207223
417,0,val,16,0.014777427179280923,0.12156244148288946,0.023011537881424775,0.15169554338023505
417,1,val,14,0.03124564858356863,0.1767643872038953,0.023011537881424775,0.15169554338023505
417,-1,val,30,0.023011537881424775,0.15169554338023505,0.023011537881424775,0.15169554338023505
418,0,val,16,0.024946797131542624,0.1579455511609701,0.022224901846845828,0.14908018596327893
418,1,val,14,0.019503006562149032,0.13965316524214205,0.022224901846845828,0.14908018596327893
418,-1,val,30,0.022224901846845828,0.14908018596327893,0.022224901846845828,0.14908018596327893
419,0,val,16,0.03752505035989617,0.1937138362634331,0.021264515868568076,0.1458235778897503
419,1,val,14,0.005003981377239982,0.07073882510502971,0.021264515868568076,0.1458235778897503
419,-1,val,30,0.021264515868568076,0.1458235778897503,0.021264515868568076,0.1458235778897503
420,0,val,16,0.011826683445800304,0.1087505560712234,0.023039213784713942,0.15178673784199312
420,1,val,14,0.03425174412362758,0.18507226730017542,0.023039213784713942,0.15178673784199312
420,-1,val,30,0.023039213784713942,0.15178673784199312,0.023039213784713942,0.15178673784199312
421,0,val,16,0.0313210437203643,0.17697752320666119,0.02159785205131385,0.14696207691548813
421,1,val,14,0.011874660382263397,0.1089709153043297,0.02159785205131385,0.14696207691548813
421,-1,val,30,0.02159785205131385,0.14696207691548813,0.02159785205131385,0.14696207691548813
422,0,val,16,0.01701295738619961,0.13043372794718247,0.02256372608678109,0.150212270093961
422,1,val,14,0.028114494787362564,0.16767377489447347,0.02256372608678109,0.150212270093961
422,-1,val,30,0.02256372608678109,0.150212270093961,0.02256372608678109,0.150212270093961
423,0,val,16,0.017112809624339302,0.13081593795994165,0.022501661426607117,0.1500055379864594
423,1,val,14,0.02789051322887493,0.16700453056391892,0.022501661426607117,0.1500055379864594
423,-1,val,30,0.022501661426607117,0.1500055379864594,0.022501661426607117,0.1500055379864594
424,0,val,16,0.012598941719494277,0.11224500754819466,0.022749641729414325,0.15082984362988092
424,1,val,14,0.03290034173933437,0.1813845135046936,0.022749641729414325,0.15082984362988092
424,-1,val,30,0.022749641729414325,0.15082984362988092,0.022749641729414325,0.15082984362988092
425,0,val,16,0.02627533690758675,0.16209668999577612,0.021718410488542672,0.1473716746479549
425,1,val,14,0.017161484069498596,0.13100184758047725,0.021718410488542672,0.1473716746479549
425,-1,val,30,0.021718410488542672,0.1473716746479549,0.021718410488542672,0.1473716746479549
426,0,val,16,0.019442090994835827,0.13943489876941076,0.02216549044769296,0.14888079274269383
426,1,val,14,0.02488888990055009,0.1577621307556097,0.02216549044769296,0.14888079274269383
426,-1,val,30,0.02216549044769296,0.14888079274269383,0.02216549044769296,0.14888079274269383
427,0,val,16,0.009210387694585419,0.09597076479108323,0.02279481591510722,0.1509795215090683
427,1,val,14,0.03637924413562902,0.19073343738219845,0.02279481591510722,0.1509795215090683
427,-1,val,30,0.02279481591510722,0.1509795215090683,0.02279481591510722,0.1509795215090683
428,0,val,16,0.01656077822850768,0.12868868725924465,0.022208385817750625,0.14902478256233298
428,1,val,14,0.02785599340699357,0.16690114860897023,0.022208385817750625,0.14902478256233298
428,-1,val,30,0.022208385817750625,0.14902478256233298,0.022208385817750625,0.14902478256233298
429,0,val,16,0.024058967152665565,0.1551095327588397,0.021609233324224757,0.14700079361766982
429,1,val,14,0.019159499495783945,0.1384178438489198,0.021609233324224757,0.14700079361766982
429,-1,val,30,0.021609233324224757,0.14700079361766982,0.021609233324224757,0.14700079361766982
430,0,val,16,0.02397272385296805,0.15483127543544958,0.021565291660558292,0.1468512569253607
430,1,val,14,0.019157859468148533,0.13841191953061172,0.021565291660558292,0.1468512569253607
430,-1,val,30,0.021565291660558292,0.1468512569253607,0.021565291660558292,0.1468512569253607
431,0,val,16,0.036419743602348335,0.19083957556635975,0.02065584724617887,0.14372142236346977
431,1,val,14,0.004891950890009405,0.06994248272694789,0.02065584724617887,0.14372142236346977
431,-1,val,30,0.02065584724617887,0.14372142236346977,0.02065584724617887,0.14372142236346977
432,0,val,16,0.0231718819735712,0.15222313218946457,0.02154273051208794,0.14677442049651548
432,1,val,14,0.01991357905060468,0.14111548125774395,0.02154273051208794,0.14677442049651548
432,-1,val,30,0.02154273051208794,0.14677442049651548,0.02154273051208794,0.14677442049651548
433,0,val,16,0.017791357719540987,0.13338424839365773,0.02186933216873547,0.14788283256935358
433,1,val,14,0.02594730661792995,0.1610816768534831,0.02186933216873547,0.14788283256935358
433,-1,val,30,0.02186933216873547,0.14788283256935358,0.02186933216873547,0.14788283256935358
434,0,val,16,0.02184394316155752,0.1477969660093113,0.021509851736320907,0.1466623732806779
434,1,val,14,0.021175760311084296,0.14551893454490483,0.021509851736320907,0.1466623732806779
434,-1,val,30,0.021509851736320907,0.1466623732806779,0.021509851736320907,0.1466623732806779
435,0,val,16,0.020012828064152062,0.14146670302283879,0.021593138756611556,0.14694604028898348
435,1,val,14,0.023173449449071053,0.15222828071377228,0.021593138756611556,0.14694604028898348
435,-1,val,30,0.021593138756611556,0.14694604028898348,0.021593138756611556,0.14694604028898348
436,0,val,16,0.014519851830076865,0.1204983478313162,0.02193020015850493,0.14808848759611576
436,1,val,14,0.029340548486932988,0.17129083013090043,0.02193020015850493,0.14808848759611576
436,-1,val,30,0.02193020015850493,0.14808848759611576,0.02193020015850493,0.14808848759611576
437,0,val,16,0.014072310015919104,0.11862676770408567,0.021900147045952063,0.1479869826908842
437,1,val,14,0.02972798407598502,0.17241805031952143,0.021900147045952063,0.1479869826908842
437,-1,val,30,0.021900147045952063,0.1479869826908842,0.021900147045952063,0.1479869826908842
438,0,val,16,0.016086754539149893,0.12683357023733854,0.021724392531613006,0.1473919690200691
438,1,val,14,0.02736203052407612,0.16541472281534106,0.021724392531613006,0.1473919690200691
438,-1,val,30,0.021724392531613006,0.1473919690200691,0.021724392531613006,0.1473919690200691
439,0,val,16,0.01195254654560536,0.10932770255340299,0.02200470065801834,0.14833981481051653
439,1,val,14,0.03205685477043132,0.1790442815909833,0.02200470065801834,0.14833981481051653
439,-1,val,30,0.02200470065801834,0.14833981481051653,0.02200470065801834,0.14833981481051653
440,0,val,16,0.023726803321770965,0.1540350717264447,0.021071370264521175,0.145159809398198
440,1,val,14,0.018415937207271384,0.1357053322728012,0.021071370264521175,0.145159809398198
440,-1,val,30,0.021071370264521175,0.145159809398198,0.021071370264521175,0.145159809398198
441,0,val,16,0.0244682704966546,0.15642336940705057,0.020944310509964176,0.14472149290953357
441,1,val,14,0.01742035052327375,0.13198617550059455,0.020944310509964176,0.14472149290953357
441,-1,val,30,0.020944310509964176,0.14472149290953357,0.020944310509964176,0.14472149290953357
442,0,val,16,0.020575219422950396,0.14344064773609466,0.021155191116131553,0.14544824205239318
442,1,val,14,0.021735162809312706,0.14742850066833316,0.021155191116131553,0.14544824205239318
442,-1,val,30,0.021155191116131553,0.14544824205239318,0.021155191116131553,0.14544824205239318
443,0,val,16,0.0277251993110135,0.1665088565542791,0.02056906124725068,0.14341918019306443
443,1,val,14,0.013412923183487862,0.11581417522690331,0.02056906124725068,0.14341918019306443
443,-1,val,30,0.02056906124725068,0.14341918019306443,0.02056906124725068,0.14341918019306443
444,0,val,16,0.020713223451770662,0.14392089303423136,0.021026997604459627,0.14500688812763216
444,1,val,14,0.021340771757148592,0.14608481015200928,0.021026997604459627,0.14500688812763216
444,-1,val,30,0.021026997604459627,0.14500688812763216,0.021026997604459627,0.14500688812763216
445,0,val,16,0.00661569615479808,0.08133692983385886,0.021982863247891622,0.14826619050846226
445,1,val,14,0.03735003034098516,0.19326155939809955,0.021982863247891622,0.14826619050846226
445,-1,val,30,0.021982863247891622,0.14826619050846226,0.021982863247891622,0.14826619050846226
446,0,val,16,0.024683691571375652,0.1571104438647401,0.02064919259080781,0.14369826926865825
446,1,val,14,0.016614693610239963,0.1288979969209761,0.02064919259080781,0.14369826926865825
446,-1,val,30,0.02064919259080781,0.14369826926865825,0.02064919259080781,0.14369826926865825
447,0,val,16,0.011488534906486745,0.10718458334334628,0.021543890260896828,0.14677837122988124
447,1,val,14,0.031599245615306915,0.1777617664609207,0.021543890260896828,0.14677837122988124
447,-1,val,30,0.021543890260896828,0.14677837122988124,0.021543890260896828,0.14677837122988124
448,0,val,16,0.02950907241300158,0.171782049158233,0.020204506577865794,0.14214255723697175
448,1,val,14,0.01089994074273001,0.10440278129786586,0.020204506577865794,0.14214255723697175
448,-1,val,30,0.020204506577865794,0.14214255723697175,0.020204506577865794,0.14214255723697175
449,0,val,16,0.01888930862623366,0.1374383811976613,0.020867190706567413,0.14445480506569316
449,1,val,14,0.022845072786901167,0.1511458659272597,0.020867190706567413,0.14445480506569316
449,-1,val,30,0.020867190706567413,0.14445480506569316,0.020867190706567413,0.14445480506569316
450,0,val,16,0.023495505925791176,0.1532824384128566,0.020461874777030636,0.14304500961945732
450,1,val,14,0.017428243628270095,0.13201607337089713,0.020461874777030636,0.14304500961945732
450,-1,val,30,0.020461874777030636,0.14304500961945732,0.020461874777030636,0.14304500961945732
451,0,val,16,0.00984080473938938,0.09920083033618912,0.021391318952337698,0.14625771416351924
451,1,val,14,0.03294183316528602,0.18149885169137026,0.021391318952337698,0.14625771416351924
451,-1,val,30,0.021391318952337698,0.14625771416351924,0.021391318952337698,0.14625771416351924
452,0,val,16,0.017889829513113197,0.1337528673080065,0.0207973011093219,0.14421269399509148
452,1,val,14,0.0237047727055306,0.15396354343002958,0.0207973011093219,0.14421269399509148
452,-1,val,30,0.0207973011093219,0.14421269399509148,0.0207973011093219,0.14421269399509148
453,0,val,16,0.004648032371683727,0.068176479607587,0.021688264352208445,0.14726935985536313
453,1,val,14,0.03872849633273316,0.19679556990118746,0.021688264352208445,0.14726935985536313
453,-1,val,30,0.021688264352208445,0.14726935985536313,0.021688264352208445,0.14726935985536313
454,0,val,16,0.021543873548985588,0.14677831430080396,0.02044266135057108,0.14297783517234788
454,1,val,14,0.019341449152156576,0.139073538648287,0.02044266135057108,0.14297783517234788
454,-1,val,30,0.02044266135057108,0.14297783517234788,0.02044266135057108,0.14297783517234788
455,0,val,16,0.024348560187815543,0.15604025181925188,0.02015616949851873,0.14197242513431518
455,1,val,14,0.01596377880922192,0.12634784845505648,0.02015616949851873,0.14197242513431518
455,-1,val,30,0.02015616949851873,0.14197242513431518,0.02015616949851873,0.14197242513431518
456,0,val,16,0.015526290997211228,0.12460453842942973,0.02073943107989127,0.14401191297907015
456,1,val,14,0.025952571162571308,0.1610980172521416,0.02073943107989127,0.14401191297907015
456,-1,val,30,0.02073943107989127,0.14401191297907015,0.02073943107989127,0.14401191297907015
457,0,val,16,0.028299783815023516,0.16822539586823243,0.01977054111712649,0.14060775624810493
457,1,val,14,0.01124129841922947,0.10602498959787485,0.01977054111712649,0.14060775624810493
457,-1,val,30,0.01977054111712649,0.14060775624810493,0.01977054111712649,0.14060775624810493
458,0,val,16,0.021700178880342688,0.14730980578475653,0.020211640510932778,0.14216764931211592
458,1,val,14,0.018723102141522865,0.1368323870343672,0.020211640510932778,0.14216764931211592
458,-1,val,30,0.020211640510932778,0.14216764931211592,0.020211640510932778,0.14216764931211592
459,0,val,16,0.02909997654010669,0.17058715233014088,0.01965564858342024,0.14019860407086884
459,1,val,14,0.010211320626733786,0.10105107929524447,0.01965564858342024,0.14019860407086884
459,-1,val,30,0.01965564858342024,0.14019860407086884,0.01965564858342024,0.14019860407086884
460,0,val,16,0.015271620903904498,0.12357839982741523,0.02062835728384388,0.1436257542498694
460,1,val,14,0.02598509366378326,0.1611989257525721,0.02062835728384388,0.1436257542498694
460,-1,val,30,0.02062835728384388,0.1436257542498694,0.02062835728384388,0.1436257542498694
461,0,val,16,0.025814610720113217,0.16066925878995403,0.019839278979826843,0.14085197542039246
461,1,val,14,0.013863947239540469,0.11774526419156088,0.019839278979826843,0.14085197542039246
461,-1,val,30,0.019839278979826843,0.14085197542039246,0.019839278979826843,0.14085197542039246
462,0,val,16,0.012603022872548242,0.11226318574024274,0.020713563547482796,0.14392207456635273
462,1,val,14,0.028824104222417348,0.16977663037773294,0.020713563547482796,0.14392207456635273
462,-1,val,30,0.020713563547482796,0.14392207456635273,0.020713563547482796,0.14392207456635273
463,0,val,16,0.02229496654238853,0.14931499101693885,0.01994764632487553,0.14123613675287047
463,1,val,14,0.01760032610736253,0.13266622067188968,0.01994764632487553,0.14123613675287047
463,-1,val,30,0.01994764632487553,0.14123613675287047,0.01994764632487553,0.14123613675287047
464,0,val,16,0.029153533885710726,0.17074405959128044,0.019385438460957184,0.1392316000804314
464,1,val,14,0.009617343036203641,0.09806805308663796,0.019385438460957184,0.1392316000804314
464,-1,val,30,0.019385438460957184,0.1392316000804314,0.019385438460957184,0.1392316000804314
465,0,val,16,0.02249584246587176,0.1499861409126582,0.019791585010355675,0.14068256825334002
465,1,val,14,0.017087327554839587,0.13071850502067253,0.019791585010355675,0.14068256825334002
465,-1,val,30,0.019791585010355675,0.14068256825334002,0.019791585010355675,0.14068256825334002
466,0,val,16,0.012861922644730883,0.11341041682636954,0.02042637272526115,0.14292086175664193
466,1,val,14,0.027990822805791418,0.1673045809468211,0.02042637272526115,0.14292086175664193
466,-1,val,30,0.02042637272526115,0.14292086175664193,0.02042637272526115,0.14292086175664193
467,0,val,16,0.010990108363392443,0.10483371768373209,0.020512168500717288,0.14322069857641836
467,1,val,14,0.030034228638042133,0.17330386215558535,0.020512168500717288,0.14322069857641836
467,-1,val,30,0.020512168500717288,0.14322069857641836,0.020512168500717288,0.14322069857641836
468,0,val,16,0.02811854131126887,0.16768584111745652,0.01925545362648496,0.13876402136895918
468,1,val,14,0.010392365941701048,0.10194295435046528,0.01925545362648496,0.13876402136895918
468,-1,val,30,0.01925545362648496,0.13876402136895918,0.01925545362648496,0.13876402136895918
469,0,val,16,0.010441980347656614,0.10218600857092233,0.020438303831438038,0.14296259591738686
469,1,val,14,0.03043462731521946,0.17445523011712621,0.020438303831438038,0.14296259591738686
469,-1,val,30,0.020438303831438038,0.14296259591738686,0.020438303831438038,0.14296259591738686
470,0,val,16,0.02398713333373053,0.1548778012942156,0.019427359266680277,0.1393820622127549
470,1,val,14,0.014867585199630025,0.12193270766955856,0.019427359266680277,0.1393820622127549
470,-1,val,30,0.019427359266680277,0.1393820622127549,0.019427359266680277,0.1393820622127549
471,0,val,16,0.02170739152119074,0.1473342849481774,0.019541090572322777,0.13978945086208322
471,1,val,14,0.017374789623454817,0.1318134652585039,0.019541090572322777,0.13978945086208322
471,-1,val,30,0.019541090572322777,0.13978945086208322,0.019541090572322777,0.13978945086208322
472,0,val,16,0.021667230663541884,0.14719793022845765,0.01951054812794934,0.13968016368815345
472,1,val,14,0.0173538655923568,0.13173407149388802,0.01951054812794934,0.13968016368815345
472,-1,val,30,0.01951054812794934,0.13968016368815345,0.01951054812794934,0.13968016368815345
473,0,val,16,0.02106815932475582,0.14514874896035385,0.01952607519644807,0.13973573342723783
473,1,val,14,0.01798399106814032,0.13410440361203774,0.01952607519644807,0.13973573342723783
473,-1,val,30,0.01952607519644807,0.13973573342723783,0.01952607519644807,0.13973573342723783
474,0,val,16,0.027401978318950065,0.16553542919553524,0.019052614970194844,0.13803121013087888
474,1,val,14,0.010703251621439619,0.1034565204394562,0.019052614970194844,0.13803121013087888
474,-1,val,30,0.019052614970194844,0.13803121013087888,0.019052614970194844,0.13803121013087888
475,0,val,16,0.011483805447500562,0.10716251885571075,0.020139670964878172,0.14191430852763992
475,1,val,14,0.02879553648225578,0.16969247620992448,0.020139670964878172,0.14191430852763992
475,-1,val,30,0.020139670964878172,0.14191430852763992,0.020139670964878172,0.14191430852763992
476,0,val,16,0.006282435443355085,0.07926181579647974,0.020446230698418298,0.14299031679948926
476,1,val,14,0.03461002595348151,0.18603770035528153,0.020446230698418298,0.14299031679948926
476,-1,val,30,0.020446230698418298,0.14299031679948926,0.020446230698418298,0.14299031679948926
477,0,val,16,0.026190462071656317,0.16183467512142236,0.019001402945423344,0.13784557644488757
477,1,val,14,0.011812343819190368,0.10868460709406079,0.019001402945423344,0.13784557644488757
477,-1,val,30,0.019001402945423344,0.13784557644488757,0.019001402945423344,0.13784557644488757
478,0,val,16,0.0324549115103232,0.180152467400042,0.0184961594328212,0.13600058614881483
478,1,val,14,0.0045374073553191945,0.06736028024970794,0.0184961594328212,0.13600058614881483
478,-1,val,30,0.0184961594328212,0.13600058614881483,0.0184961594328212,0.13600058614881483
479,0,val,16,0.018365373056136926,0.13551890294765864,0.019453694983558385,0.13947650333858524
479,1,val,14,0.020542016910979843,0.1433248649431767,0.019453694983558385,0.13947650333858524
479,-1,val,30,0.019453694983558385,0.13947650333858524,0.019453694983558385,0.13947650333858524
480,0,val,16,0.018805045781974238,0.13713149084719467,0.01936855428867177,0.13917095346613018
480,1,val,14,0.019932062795369302,0.14118095762307784,0.01936855428867177,0.13917095346613018
480,-1,val,30,0.01936855428867177,0.13917095346613018,0.01936855428867177,0.13917095346613018
481,0,val,16,0.020407878597320003,0.14285614651571701,0.019177064239516567,0.1384812775775721
481,1,val,14,0.017946249881713134,0.13396361402154366,0.019177064239516567,0.1384812775775721
481,-1,val,30,0.019177064239516567,0.1384812775775721,0.019177064239516567,0.1384812775775721
482,0,val,16,0.01711691167288469,0.13083161572374122,0.01937457175587625,0.13919257076394648
482,1,val,14,0.02163223183886781,0.1470789986329381,0.01937457175587625,0.13919257076394648
482,-1,val,30,0.01937457175587625,0.13919257076394648,0.01937457175587625,0.13919257076394648
483,0,val,16,0.009393416947105281,0.0969196416992205,0.01989291882898056,0.14104225901828346
483,1,val,14,0.030392420710855843,0.17433422128445075,0.01989291882898056,0.14104225901828346
483,-1,val,30,0.01989291882898056,0.14104225901828346,0.01989291882898056,0.14104225901828346
484,0,val,16,0.010152540237795517,0.10075981459786197,0.01979221711351955,0.1406848147936356
484,1,val,14,0.029431893989243584,0.17155726154623588,0.01979221711351955,0.1406848147936356
484,-1,val,30,0.01979221711351955,0.1406848147936356,0.01979221711351955,0.1406848147936356
485,0,val,16,0.015872144232246685,0.12598469840519,0.019283430328432424,0.13886479153634454
485,1,val,14,0.02269471642461816,0.15064765655202925,0.019283430328432424,0.13886479153634454
485,-1,val,30,0.019283430328432424,0.13886479153634454,0.019283430328432424,0.13886479153634454
486,0,val,16,0.014608589303375424,0.12086599730021436,0.019303105303250984,0.13893561567593452
486,1,val,14,0.023997621303126545,0.15491165644691346,0.019303105303250984,0.13893561567593452
486,-1,val,30,0.019303105303250984,0.13893561567593452,0.019303105303250984,0.13893561567593452
487,0,val,16,0.006473302340712081,0.08045683526408481,0.01985249188107058,0.1408988711135422
487,1,val,14,0.03323168142142908,0.18229558804707557,0.01985249188107058,0.1408988711135422
487,-1,val,30,0.01985249188107058,0.1408988711135422,0.01985249188107058,0.1408988711135422
488,0,val,16,0.020188822520098307,0.14208737635729046,0.018871434882091406,0.1373733412350861
488,1,val,14,0.01755404724408451,0.13249168745277762,0.018871434882091406,0.1373733412350861
488,-1,val,30,0.018871434882091406,0.1373733412350861,0.018871434882091406,0.1373733412350861
489,0,val,16,0.015797040720495144,0.12568627896670004,0.019171567208784022,0.13846142859577906
489,1,val,14,0.0225460936970729,0.15015356704744945,0.019171567208784022,0.13846142859577906
489,-1,val,30,0.019171567208784022,0.13846142859577906,0.019171567208784022,0.13846142859577906
490,0,val,16,0.029696311919104053,0.17232617885598245,0.018174486454796697,0.1348127829799411
490,1,val,14,0.006652660990489342,0.08156384609917156,0.018174486454796697,0.1348127829799411
490,-1,val,30,0.018174486454796697,0.1348127829799411,0.018174486454796697,0.1348127829799411
491,0,val,16,0.012691705608108894,0.1126574702720991,0.019356674082461504,0.13912826485822893
491,1,val,14,0.026021642556814113,0.16131225172569538,0.019356674082461504,0.13912826485822893
491,-1,val,30,0.019356674082461504,0.13912826485822893,0.019356674082461504,0.13912826485822893
492,0,val,16,0.012401625913714081,0.1113625875853919,0.019290491726634232,0.13889021465400012
492,1,val,14,0.026179357539554384,0.16180036322442043,0.019290491726634232,0.13889021465400012
492,-1,val,30,0.019290491726634232,0.13889021465400012,0.019290491726634232,0.13889021465400012
493,0,val,16,0.012486846452665028,0.11174455893986529,0.019224098598085076,0.1386509956620762
493,1,val,14,0.025961350743505123,0.16112526413789094,0.019224098598085076,0.1386509956620762
493,-1,val,30,0.019224098598085076,0.1386509956620762,0.019224098598085076,0.1386509956620762
494,0,val,16,0.009745604408121694,0.09871982783677094,0.019371031337582615,0.13917985248441175
494,1,val,14,0.028996458267043536,0.17028346445572318,0.019371031337582615,0.13917985248441175
494,-1,val,30,0.019371031337582615,0.13917985248441175,0.019371031337582615,0.13917985248441175
495,0,val,16,0.01541178385181082,0.12414420587289131,0.018928511199743113,0.13758092600263713
495,1,val,14,0.022445238547675408,0.1498173506229349,0.018928511199743113,0.13758092600263713
495,-1,val,30,0.018928511199743113,0.13758092600263713,0.018928511199743113,0.13758092600263713
496,0,val,16,0.022427472255500354,0.14975804571207638,0.018356369754394163,0.13548568099394917
496,1,val,14,0.014285267253287975,0.11952099084800115,0.018356369754394163,0.13548568099394917
496,-1,val,30,0.018356369754394163,0.13548568099394917,0.018356369754394163,0.13548568099394917
497,0,val,16,0.022631049086602135,0.1504361960653158,0.018294910846750768,0.13525868122509094
497,1,val,14,0.0139587726068994,0.11814724967979322,0.018294910846750768,0.13525868122509094
497,-1,val,30,0.018294910846750768,0.13525868122509094,0.018294910846750768,0.13525868122509094
498,0,val,16,0.012977019514225436,0.11391672183760133,0.018971846495157842,0.1377383261665316
498,1,val,14,0.02496667347609025,0.15800846014087425,0.018971846495157842,0.1377383261665316
498,-1,val,30,0.018971846495157842,0.1377383261665316,0.018971846495157842,0.1377383261665316
499,0,val,16,0.02070967271623112,0.14390855678600603,0.018396773065859157,0.1356347045038959
499,1,val,14,0.016083873415487192,0.1268222118380183,0.018396773065859157,0.1356347045038959
499,-1,val,30,0.018396773065859157,0.1356347045038959,0.018396773065859157,0.1356347045038959
500,0,val,16,0.022392741754069523,0.14964204540860007,0.018195242636931095,0.1348897425193298
500,1,val,14,0.013997743519792669,0.11831205990850074,0.018195242636931095,0.1348897425193298
500,-1,val,30,0.018195242636931095,0.1348897425193298,0.018195242636931095,0.1348897425193298
501,0,val,16,0.02664042913568223,0.16321896071131634,0.01782785682478005,0.1335209976924231
501,1,val,14,0.009015284513877867,0.09494885209352384,0.01782785682478005,0.1335209976924231
501,-1,val,30,0.01782785682478005,0.1335209976924231,0.01782785682478005,0.1335209976924231
502,0,val,16,0.02266945597320296,0.15056379369955766,0.01809291105056678,0.13450989201752703
502,1,val,14,0.0135163661279306,0.11625990765492032,0.01809291105056678,0.13450989201752703
502,-1,val,30,0.01809291105056678,0.13450989201752703,0.01809291105056678,0.13450989201752703
503,0,val,16,0.01598988372816054,0.12645111200839848,0.01858635634201872,0.13633178771665366
503,1,val,14,0.021182828955876903,0.14554322023329325,0.01858635634201872,0.13633178771665366
503,-1,val,30,0.01858635634201872,0.13633178771665366,0.01858635634201872,0.13633178771665366
504,0,val,16,0.02218877308264308,0.1489589644252506,0.018101470523662073,0.1345417055178879
504,1,val,14,0.01401416796468107,0.11838145110058869,0.018101470523662073,0.1345417055178879
504,-1,val,30,0.018101470523662073,0.1345417055178879,0.018101470523662073,0.1345417055178879
505,0,val,16,0.01688440940643268,0.1299400223427435,0.018440681340610124,0.13579647028037997
505,1,val,14,0.019996953274787573,0.14141058402675372,0.018440681340610124,0.13579647028037997
505,-1,val,30,0.018440681340610124,0.13579647028037997,0.018440681340610124,0.13579647028037997
506,0,val,16,0.015881027629449325,0.12601994933124408,0.018459089631810303,0.13586423234910028
506,1,val,14,0.021037151634171282,0.145041896134087,0.018459089631810303,0.13586423234910028
506,-1,val,30,0.018459089631810303,0.13586423234910028,0.018459089631810303,0.13586423234910028
507,0,val,16,0.023292683805066793,0.15261940834987794,0.017862104905243224,0.1336491859505445
507,1,val,14,0.012431526005419658,0.11149675334026393,0.017862104905243224,0.1336491859505445
507,-1,val,30,0.017862104905243224,0.1336491859505445,0.017862104905243224,0.1336491859505445
508,0,val,16,0.02257420083401628,0.15024713253176009,0.017849836538883876,0.13360328041962097
508,1,val,14,0.013125472243751471,0.11456645339605949,0.017849836538883876,0.13360328041962097
508,-1,val,30,0.017849836538883876,0.13360328041962097,0.017849836538883876,0.13360328041962097
509,0,val,16,0.015081583345950372,0.12280709810898706,0.018300004410309233,0.13527750888565782
509,1,val,14,0.021518425474668094,0.14669159987766203,0.018300004410309233,0.13527750888565782
509,-1,val,30,0.018300004410309233,0.13527750888565782,0.018300004410309233,0.13527750888565782
510,0,val,16,0.02166716109564475,0.14719769392094684,0.01779368208894765,0.13339296116717572
510,1,val,14,0.013920203082250551,0.11798391026852158,0.01779368208894765,0.13339296116717572
510,-1,val,30,0.01779368208894765,0.13339296116717572,0.01779368208894765,0.13339296116717572
511,0,val,16,0.00879215590112659,0.09376649668792468,0.018733882555501055,0.13687177413733284
511,1,val,14,0.028675609209875524,0.16933874101892787,0.018733882555501055,0.13687177413733284
511,-1,val,30,0.018733882555501055,0.13687177413733284,0.018733882555501055,0.13687177413733284
512,0,val,16,0.026633411701294497,0.16319746230041232,0.017406200587828706,0.1319325607567317
512,1,val,14,0.008178989474362915,0.09043776575282537,0.017406200587828706,0.1319325607567317
512,-1,val,30,0.017406200587828706,0.1319325607567317,0.017406200587828706,0.1319325607567317
513,0,val,16,0.026603276359943685,0.16310510831958538,0.017366947900100675,0.13178371636928699
513,1,val,14,0.00813061944025767,0.09016994754494242,0.017366947900100675,0.13178371636928699
513,-1,val,30,0.017366947900100675,0.13178371636928699,0.017366947900100675,0.13178371636928699
514,0,val,16,0.02441544885242127,0.15625443626477065,0.01750133195416409,0.1322925997709777
514,1,val,14,0.010587215055906912,0.10289419349947261,0.01750133195416409,0.1322925997709777
514,-1,val,30,0.01750133195416409,0.1322925997709777,0.01750133195416409,0.1322925997709777
515,0,val,16,0.024655782343072176,0.15702159833307064,0.017422949552970822,0.13199602097400823
515,1,val,14,0.010190116762869465,0.10094610821061635,0.017422949552970822,0.13199602097400823
515,-1,val,30,0.017422949552970822,0.13199602097400823,0.017422949552970822,0.13199602097400823
516,0,val,16,0.022189873741183624,0.1489626588819615,0.01754392479015297,0.13245348160827244
516,1,val,14,0.012897975839122318,0.11356925569502653,0.01754392479015297,0.13245348160827244
516,-1,val,30,0.01754392479015297,0.13245348160827244,0.01754392479015297,0.13245348160827244
517,0,val,16,0.015672341314620336,0.12518922203856184,0.017994013445954332,0.13414176622496937
517,1,val,14,0.020315685577288328,0.14253310344368542,0.017994013445954332,0.13414176622496937
517,-1,val,30,0.017994013445954332,0.13414176622496937,0.017994013445954332,0.13414176622496937
518,0,val,16,0.025255332033484103,0.15891926262566192,0.017282063604624982,0.1314612627530444
518,1,val,14,0.00930879517576586,0.0964820976957169,0.017282063604624982,0.1314612627530444
518,-1,val,30,0.017282063604624982,0.1314612627530444,0.017282063604624982,0.1314612627530444
519,0,val,16,0.012425230410842857,0.11146851757712962,0.018087563909244625,0.13449001416181286
519,1,val,14,0.02374989740764639,0.15411001722031697,0.018087563909244625,0.13449001416181286
519,-1,val,30,0.018087563909244625,0.13449001416181286,0.018087563909244625,0.13449001416181286
520,0,val,16,0.020657196942185825,0.14372611781505068,0.017480524153952282,0.1322139332822085
520,1,val,14,0.014303851365718741,0.11959870971594443,0.017480524153952282,0.1322139332822085
520,-1,val,30,0.017480524153952282,0.1322139332822085,0.017480524153952282,0.1322139332822085
521,0,val,16,0.025461804013651185,0.15956755313550178,0.01707290600938421,0.13066333077563963
521,1,val,14,0.008684008005117237,0.09318802500921047,0.01707290600938421,0.13066333077563963
521,-1,val,30,0.01707290600938421,0.13066333077563963,0.01707290600938421,0.13066333077563963
522,0,val,16,0.015607440901663047,0.12492974386295301,0.01779807739007565,0.1334094351613695
522,1,val,14,0.019988713878488256,0.14138144814114847,0.01779807739007565,0.1334094351613695
522,-1,val,30,0.01779807739007565,0.1334094351613695,0.01779807739007565,0.1334094351613695
523,0,val,16,0.030706363212143928,0.17523231212348916,0.016696709483699966,0.12921574781620065
523,1,val,14,0.0026870557552560077,0.051836818529458456,0.016696709483699966,0.12921574781620065
523,-1,val,30,0.016696709483699966,0.12921574781620065,0.016696709483699966,0.12921574781620065
524,0,val,16,0.013524473788527669,0.11629477111430105,0.017832242948781135,0.13353742152962642
524,1,val,14,0.022140012109034598,0.1487952019019249,0.017832242948781135,0.13353742152962642
524,-1,val,30,0.017832242948781135,0.13353742152962642,0.017832242948781135,0.13353742152962642
525,0,val,16,0.022720714226838322,0.1507339186342554,0.017121420868005104,0.1308488474080116
525,1,val,14,0.011522127509171885,0.1073411734106344,0.017121420868005104,0.1308488474080116
525,-1,val,30,0.017121420868005104,0.1308488474080116,0.017121420868005104,0.1308488474080116
526,0,val,16,0.023626230919628354,0.1537082656190888,0.01705003599203206,0.130575786392547
526,1,val,14,0.010473841064435765,0.10234178552495439,0.01705003599203206,0.130575786392547
526,-1,val,30,0.01705003599203206,0.130575786392547,0.01705003599203206,0.130575786392547
527,0,val,16,0.013036689886215485,0.11417832494048721,0.017770831278662778,0.1333072814165182
527,1,val,14,0.022504972671110072,0.15001657465463633,0.017770831278662778,0.1333072814165182
527,-1,val,30,0.017770831278662778,0.1333072814165182,0.017770831278662778,0.1333072814165182
528,0,val,16,0.014597588244381229,0.12082047940800943,0.017601608541699003,0.13267105389533546
528,1,val,14,0.02060562883901678,0.14354660859461912,0.017601608541699003,0.13267105389533546
528,-1,val,30,0.017601608541699003,0.13267105389533546,0.017601608541699003,0.13267105389533546
529,0,val,16,0.02576529797925483,0.16051572502173994,0.016762850112451794,0.12947142585316573
529,1,val,14,0.007760402245648761,0.0880931452818479,0.016762850112451794,0.12947142585316573
529,-1,val,30,0.016762850112451794,0.12947142585316573,0.016762850112451794,0.12947142585316573
530,0,val,16,0.003295706854081027,0.05740824726536273,0.01831562171114972,0.1353352197735302
530,1,val,14,0.03333553656821841,0.18258021954258466,0.01831562171114972,0.1353352197735302
530,-1,val,30,0.01831562171114972,0.1353352197735302,0.01831562171114972,0.1353352197735302
531,0,val,16,0.022533614139177077,0.15011200531328958,0.01692707337331189,0.13010408668951137
531,1,val,14,0.011320532607446698,0.10639799155739124,0.01692707337331189,0.13010408668951137
531,-1,val,30,0.01692707337331189,0.13010408668951137,0.01692707337331189,0.13010408668951137
532,0,val,16,0.024092256268790094,0.15521680407993876,0.016817228173009242,0.1296812560588817
532,1,val,14,0.00954220007722839,0.09768418539983015,0.016817228173009242,0.1296812560588817
532,-1,val,30,0.016817228173009242,0.1296812560588817,0.016817228173009242,0.1296812560588817
533,0,val,16,0.01532774337737845,0.12380526393242917,0.01742903576538809,0.13201907349087133
533,1,val,14,0.019530328153397728,0.13975095045615157,0.01742903576538809,0.13201907349087133
533,-1,val,30,0.01742903576538809,0.13201907349087133,0.01742903576538809,0.13201907349087133
534,0,val,16,0.006790657091434881,0.08240544333619522,0.017966430786485667,0.13403891519437802
534,1,val,14,0.029142204481536454,0.17071087979837857,0.017966430786485667,0.13403891519437802
534,-1,val,30,0.017966430786485667,0.13403891519437802,0.017966430786485667,0.13403891519437802
535,0,val,16,0.011729269096051837,0.10830175019847019,0.01759166978002452,0.13263359220056026
535,1,val,14,0.023454070463997202,0.15314721827051644,0.01759166978002452,0.13263359220056026
535,-1,val,30,0.01759166978002452,0.13263359220056026,0.01759166978002452,0.13263359220056026
536,0,val,16,0.015066034679286994,0.12274377653994109,0.0172946533124535,0.13150913775268053
536,1,val,14,0.019523271945620008,0.13972570252326524,0.0172946533124535,0.13150913775268053
536,-1,val,30,0.0172946533124535,0.13150913775268053,0.0172946533124535,0.13150913775268053
537,0,val,16,0.023475474891847575,0.15321708420358213,0.016653562906817576,0.12904868425062527
537,1,val,14,0.009831650921787574,0.09915468179459594,0.016653562906817576,0.12904868425062527
537,-1,val,30,0.016653562906817576,0.12904868425062527,0.016653562906817576,0.12904868425062527
538,0,val,16,0.017467312019657878,0.13216395885285018,0.017043037387644434,0.13054898462892936
538,1,val,14,0.016618762755630994,0.12891378031704367,0.017043037387644434,0.13054898462892936
538,-1,val,30,0.017043037387644434,0.13054898462892936,0.017043037387644434,0.13054898462892936
539,0,val,16,0.02875278961042929,0.1695664754909687,0.01623435763304331,0.12741411865662028
539,1,val,14,0.0037159256556573263,0.06095839282377224,0.01623435763304331,0.12741411865662028
539,-1,val,30,0.01623435763304331,0.12741411865662028,0.01623435763304331,0.12741411865662028
540,0,val,16,0.018906336483250408,0.13750031448418729,0.016906899287304763,0.1300265330127077
540,1,val,14,0.01490746209135912,0.12209611824853041,0.016906899287304763,0.1300265330127077
540,-1,val,30,0.016906899287304763,0.1300265330127077,0.016906899287304763,0.1300265330127077
541,0,val,16,0.021023984010419734,0.14499649654532945,0.016697280616913033,0.12921795779578407
541,1,val,14,0.012370577223406334,0.11122309662748261,0.016697280616913033,0.12921795779578407
541,-1,val,30,0.016697280616913033,0.12921795779578407,0.016697280616913033,0.12921795779578407
542,0,val,16,0.02060087532550448,0.14353005025256724,0.016676936035460953,0.12913921184311508
542,1,val,14,0.01275299674541743,0.11292916693847267,0.016676936035460953,0.12913921184311508
542,-1,val,30,0.016676936035460953,0.12913921184311508,0.016676936035460953,0.12913921184311508
543,0,val,16,0.02828303583141174,0.16817561009674303,0.01604450129629914,0.12666689108168377
543,1,val,14,0.0038059667611865427,0.06169251787037503,0.01604450129629914,0.12666689108168377
543,-1,val,30,0.01604450129629914,0.12666689108168377,0.01604450129629914,0.12666689108168377
544,0,val,16,0.016781877248466737,0.12954488507257528,0.016814391961114276,0.1296703202784441
544,1,val,14,0.01684690667376182,0.1297956342631054,0.016814391961114276,0.1296703202784441
544,-1,val,30,0.016814391961114276,0.1296703202784441,0.016814391961114276,0.1296703202784441
545,0,val,16,0.007010120146084009,0.08372646025053257,0.017523166131303156,0.13237509634105335
545,1,val,14,0.028036212116522304,0.1674401747386878,0.017523166131303156,0.13237509634105335
545,-1,val,30,0.017523166131303156,0.13237509634105335,0.017523166131303156,0.13237509634105335
546,0,val,16,0.022000351368404607,0.14832515419983425,0.01649744469707721,0.12844237889838855
546,1,val,14,0.010994538025749812,0.10485484264329337,0.01649744469707721,0.12844237889838855
546,-1,val,30,0.01649744469707721,0.12844237889838855,0.01649744469707721,0.12844237889838855
547,0,val,16,0.025344323321479234,0.15919900540354903,0.016212955454397254,0.1273301042738804
547,1,val,14,0.007081587587315275,0.0841521692371342,0.016212955454397254,0.1273301042738804
547,-1,val,30,0.016212955454397254,0.1273301042738804,0.016212955454397254,0.1273301042738804
548,0,val,16,0.019589172405474732,0.13996132467747915,0.016573955042922604,0.1287398735548649
548,1,val,14,0.013558737680370475,0.11644199277052276,0.016573955042922604,0.1287398735548649
548,-1,val,30,0.016573955042922604,0.1287398735548649,0.016573955042922604,0.1287398735548649
549,0,val,16,0.014552198074481654,0.12063249178592662,0.01688588930740179,0.12994571677204983
549,1,val,14,0.019219580540321926,0.13863470178971038,0.01688588930740179,0.12994571677204983
549,-1,val,30,0.01688588930740179,0.12994571677204983,0.01688588930740179,0.12994571677204983
550,0,val,16,0.015050115364237648,0.12267891165248267,0.016795709482858766,0.12959826188208995
550,1,val,14,0.018541303601479882,0.13616645549282644,0.016795709482858766,0.12959826188208995
550,-1,val,30,0.016795709482858766,0.12959826188208995,0.016795709482858766,0.12959826188208995
551,0,val,16,0.024128183059462516,0.1553324919630871,0.01607511671637404,0.1267876836146715
551,1,val,14,0.008022050373285567,0.08956589961188112,0.01607511671637404,0.1267876836146715
551,-1,val,30,0.01607511671637404,0.1267876836146715,0.01607511671637404,0.1267876836146715
552,0,val,16,0.01358932022092672,0.11657323972905068,0.016845585156573355,0.12979054340194957
552,1,val,14,0.02010185009221999,0.14178099340962452,0.016845585156573355,0.12979054340194957
552,-1,val,30,0.016845585156573355,0.12979054340194957,0.016845585156573355,0.12979054340194957
553,0,val,16,0.024185298447562172,0.15551623210315435,0.016056063809160574,0.1267125242790174
553,1,val,14,0.00792682917075898,0.08903274212759585,0.016056063809160574,0.1267125242790174
553,-1,val,30,0.016056063809160574,0.1267125242790174,0.016056063809160574,0.1267125242790174
554,0,val,16,0.012806359157790442,0.11316518527263782,0.016837815279824093,0.1297606075811303
554,1,val,14,0.020869271401857743,0.14446200677637613,0.016837815279824093,0.1297606075811303
554,-1,val,30,0.016837815279824093,0.1297606075811303,0.016837815279824093,0.1297606075811303
555,0,val,16,0.028948814780892763,0.17014351230914673,0.015603775191296628,0.1249150719140674
555,1,val,14,0.002258735601700494,0.04752615702642592,0.015603775191296628,0.1249150719140674
555,-1,val,30,0.015603775191296628,0.1249150719140674,0.015603775191296628,0.1249150719140674
556,0,val,16,0.009214203266259524,0.09599064155562001,0.01697819637717473,0.13030040820033809
556,1,val,14,0.024742189488089934,0.15729650183042831,0.01697819637717473,0.13030040820033809
556,-1,val,30,0.01697819637717473,0.13030040820033809,0.01697819637717473,0.13030040820033809
557,0,val,16,0.021501163674072368,0.1466327510281123,0.016077555985404196,0.12679730275287482
557,1,val,14,0.010653948296736021,0.10321796499028656,0.016077555985404196,0.12679730275287482
557,-1,val,30,0.016077555985404196,0.12679730275287482,0.016077555985404196,0.12679730275287482
558,0,val,16,0.009352007488688736,0.09670577794883166,0.01698833030283962,0.13033928917574938
558,1,val,14,0.024624653116990507,0.15692244299968858,0.01698833030283962,0.13033928917574938
558,-1,val,30,0.01698833030283962,0.13033928917574938,0.01698833030283962,0.13033928917574938
559,0,val,16,0.01462070309981195,0.12091609942357531,0.01657979036467995,0.12876253478663718
559,1,val,14,0.018538877629547954,0.13615754708993533,0.01657979036467995,0.12876253478663718
559,-1,val,30,0.01657979036467995,0.12876253478663718,0.01657979036467995,0.12876253478663718
560,0,val,16,0.0175883611937841,0.13262111895842268,0.016315921938718426,0.1277337932526801
560,1,val,14,0.01504348268365275,0.12265187598912929,0.016315921938718426,0.1277337932526801
560,-1,val,30,0.016315921938718426,0.1277337932526801,0.016315921938718426,0.1277337932526801
561,0,val,16,0.017113351352319107,0.13081800851686706,0.016277225550804,0.12758223054486859
561,1,val,14,0.015441099749288893,0.12426222173005315,0.016277225550804,0.12758223054486859
561,-1,val,30,0.016277225550804,0.12758223054486859,0.016277225550804,0.12758223054486859
562,0,val,16,0.01393924109531985,0.11806456324960446,0.01646141350420391,0.12830204014045882
562,1,val,14,0.01898358591308797,0.13778093450506124,0.01646141350420391,0.12830204014045882
562,-1,val,30,0.01646141350420391,0.12830204014045882,0.01646141350420391,0.12830204014045882
563,0,val,16,0.018235394588929577,0.1350384929897012,0.016193265567062437,0.12725276251249887
563,1,val,14,0.0141511365451953,0.11895854969356048,0.016193265567062437,0.12725276251249887
563,-1,val,30,0.016193265567062437,0.12725276251249887,0.016193265567062437,0.12725276251249887
564,0,val,16,0.019204222804167576,0.13857930149978234,0.016086387933078306,0.12683212500418933
564,1,val,14,0.012968553061989036,0.1138795550658196,0.016086387933078306,0.12683212500418933
564,-1,val,30,0.016086387933078306,0.12683212500418933,0.016086387933078306,0.12683212500418933
565,0,val,16,0.005770849644484063,0.07596610852534216,0.01702269964973898,0.13047106824786475
565,1,val,14,0.028274549654993895,0.16815037809946753,0.01702269964973898,0.13047106824786475
565,-1,val,30,0.01702269964973898,0.13047106824786475,0.01702269964973898,0.13047106824786475
566,0,val,16,0.0147365249626075,0.12139408948794624,0.016332517165996784,0.12779873694992758
566,1,val,14,0.01792850936938607,0.13389738372868257,0.016332517165996784,0.12779873694992758
566,-1,val,30,0.016332517165996784,0.12779873694992758,0.016332517165996784,0.12779873694992758
567,0,val,16,0.009750743851060667,0.09874585485508071,0.01665381068104195,0.12904964424996276
567,1,val,14,0.023556877511023235,0.15348249903823966,0.01665381068104195,0.12904964424996276
567,-1,val,30,0.01665381068104195,0.12904964424996276,0.01665381068104195,0.12904964424996276
568,0,val,16,0.013204695109544789,0.11491168395574398,0.01633424180567498,0.12780548425507796
568,1,val,14,0.019463788501805173,0.13951268222568575,0.01633424180567498,0.12780548425507796
568,-1,val,30,0.01633424180567498,0.12780548425507796,0.01633424180567498,0.12780548425507796
569,0,val,16,0.019858129452351787,0.14091887542963075,0.015820909979261197,0.1257811988305931
569,1,val,14,0.01178369050617061,0.10855270842392929,0.015820909979261197,0.1257811988305931
569,-1,val,30,0.015820909979261197,0.1257811988305931,0.015820909979261197,0.1257811988305931
570,0,val,16,0.027148445685535167,0.16476785392040272,0.015249816899784168,0.12349014899895525
570,1,val,14,0.0033511881140331694,0.057889447346067914,0.015249816899784168,0.12349014899895525
570,-1,val,30,0.015249816899784168,0.12349014899895525,0.015249816899784168,0.12349014899895525
571,0,val,16,0.013777100936372461,0.1173758958916713,0.01619999252046928,0.12727919123120354
571,1,val,14,0.018622884104566095,0.1364656883783103,0.01619999252046928,0.12727919123120354
571,-1,val,30,0.01619999252046928,0.12727919123120354,0.01619999252046928,0.12727919123120354
572,0,val,16,0.028225116972480053,0.1680033242899677,0.015129175594644845,0.12300071379729813
572,1,val,14,0.0020332342168096367,0.04509139847919597,0.015129175594644845,0.12300071379729813
572,-1,val,30,0.015129175594644845,0.12300071379729813,0.015129175594644845,0.12300071379729813
573,0,val,16,0.01215638962721283,0.11025601855324194,0.016243170748469572,0.12744869849656987
573,1,val,14,0.020329951869726314,0.14258314020152002,0.016243170748469572,0.12744869849656987
573,-1,val,30,0.016243170748469572,0.12744869849656987,0.016243170748469572,0.12744869849656987
574,0,val,16,0.02307058306659115,0.15189003610043403,0.015451442079310368,0.12430382970492249
574,1,val,14,0.007832301092029585,0.08850028865506364,0.015451442079310368,0.12430382970492249
574,-1,val,30,0.015451442079310368,0.12430382970492249,0.015451442079310368,0.12430382970492249
575,0,val,16,0.021318693001046236,0.14600922231505184,0.01552095881095426,0.12458314015529653
575,1,val,14,0.009723224620862284,0.09860641267616566,0.01552095881095426,0.12458314015529653
575,-1,val,30,0.01552095881095426,0.12458314015529653,0.01552095881095426,0.12458314015529653
576,0,val,16,0.011273154104196536,0.10617511056832733,0.01621808777051579,0.1273502562640366
576,1,val,14,0.02116302143683504,0.1454751574559555,0.01621808777051579,0.1273502562640366
576,-1,val,30,0.01621808777051579,0.1273502562640366,0.01621808777051579,0.1273502562640366
577,0,val,16,0.018698398631730884,0.13674208800413604,0.01561825052620052,0.12497299918862682
577,1,val,14,0.012538102420670156,0.1119736684255283,0.01561825052620052,0.12497299918862682
577,-1,val,30,0.01561825052620052,0.12497299918862682,0.01561825052620052,0.12497299918862682
578,0,val,16,0.014673078356701489,0.12113248266547454,0.015842345449389835,0.12586637934488237
578,1,val,14,0.01701161254207818,0.1304285725678165,0.015842345449389835,0.12586637934488237
578,-1,val,30,0.015842345449389835,0.12586637934488237,0.015842345449389835,0.12586637934488237
579,0,val,16,0.014612378140367057,0.12088166999329161,0.015834133655207694,0.1258337540376496
579,1,val,14,0.01705588917004833,0.13059819742266096,0.015834133655207694,0.1258337540376496
579,-1,val,30,0.015834133655207694,0.1258337540376496,0.015834133655207694,0.1258337540376496
580,0,val,16,0.011730148995427047,0.10830581238062456,0.016069392547024355,0.12676510776638955
580,1,val,14,0.020408636098621664,0.14285879776416174,0.016069392547024355,0.12676510776638955
580,-1,val,30,0.016069392547024355,0.12676510776638955,0.016069392547024355,0.12676510776638955
581,0,val,16,0.012180000745275818,0.11036304066704496,0.01606029787856158,0.1267292305609151
581,1,val,14,0.019940595011847338,0.1412111716963192,0.01606029787856158,0.1267292305609151
581,-1,val,30,0.01606029787856158,0.1267292305609151,0.01606029787856158,0.1267292305609151
582,0,val,16,0.008557241788405336,0.09250536086306207,0.016237983035812874,0.12742834471110764
582,1,val,14,0.023918724283220415,0.15465679514079042,0.016237983035812874,0.12742834471110764
582,-1,val,30,0.016237983035812874,0.12742834471110764,0.016237983035812874,0.12742834471110764
583,0,val,16,0.017613385501824626,0.13271543053399867,0.015548395481668784,0.12469320543505481
583,1,val,14,0.013483405461512945,0.11611806690396179,0.015548395481668784,0.12469320543505481
583,-1,val,30,0.015548395481668784,0.12469320543505481,0.015548395481668784,0.12469320543505481
584,0,val,16,0.01756419130586392,0.1325299638039033,0.01555844857754829,0.12473351024303088
584,1,val,14,0.01355270584923266,0.11641608930569976,0.01555844857754829,0.12473351024303088
584,-1,val,30,0.01555844857754829,0.12473351024303088,0.01555844857754829,0.12473351024303088
585,0,val,16,0.011182131230234049,0.10574559674158565,0.016009395318935603,0.12652823921534515
585,1,val,14,0.020836659407637157,0.14434908869694035,0.016009395318935603,0.12652823921534515
585,-1,val,30,0.016009395318935603,0.12652823921534515,0.016009395318935603,0.12652823921534515
586,0,val,16,0.011946142253994462,0.10929840920157284,0.015997306191913665,0.12648045774709096
586,1,val,14,0.020048470129832865,0.14159262032264558,0.015997306191913665,0.12648045774709096
586,-1,val,30,0.015997306191913665,0.12648045774709096,0.015997306191913665,0.12648045774709096
587,0,val,16,0.015998281238289593,0.12648431222206805,0.015668222346904778,0.1251727699897417
587,1,val,14,0.015338163455519964,0.12384733931546517,0.015668222346904778,0.1251727699897417
587,-1,val,30,0.015668222346904778,0.1251727699897417,0.015668222346904778,0.1251727699897417
588,0,val,16,0.015305219305993451,0.12371426476358113,0.015618575114766654,0.1249742978166577
588,1,val,14,0.015931930923539856,0.12622175297285274,0.015618575114766654,0.1249742978166577
588,-1,val,30,0.015618575114766654,0.1249742978166577,0.015618575114766654,0.1249742978166577
589,0,val,16,0.014695714857610348,0.12122588361241318,0.015597175038809575,0.12488865056044754
589,1,val,14,0.0164986352200088,0.12844701327788358,0.015597175038809575,0.12488865056044754
589,-1,val,30,0.015597175038809575,0.12488865056044754,0.015597175038809575,0.12488865056044754
590,0,val,16,0.010389269081366042,0.10192776403593891,0.015810620806069237,0.1257402911006223
590,1,val,14,0.021231972530772435,0.14571195054206237,0.015810620806069237,0.1257402911006223
590,-1,val,30,0.015810620806069237,0.1257402911006223,0.015810620806069237,0.1257402911006223
591,0,val,16,0.015829944934850355,0.12581710907046925,0.015422121250032032,0.12418583353197751
591,1,val,14,0.015014297565213709,0.12253284280230223,0.015422121250032032,0.12418583353197751
591,-1,val,30,0.015422121250032032,0.12418583353197751,0.015422121250032032,0.12418583353197751
592,0,val,16,0.014479843659207075,0.12033222203220165,0.015481409434930548,0.12442431207336671
592,1,val,14,0.016482975210654022,0.12838603978102145,0.015481409434930548,0.12442431207336671
592,-1,val,30,0.015481409434930548,0.12442431207336671,0.015481409434930548,0.12442431207336671
593,0,val,16,0.013403386107188836,0.1157729938594871,0.015592485197004898,0.1248698730559333
593,1,val,14,0.01778158428682096,0.13334760697823175,0.015592485197004898,0.1248698730559333
593,-1,val,30,0.015592485197004898,0.1248698730559333,0.015592485197004898,0.1248698730559333
594,0,val,16,0.018956223196341493,0.13768160079088815,0.015214464923079905,0.12334692911896876
594,1,val,14,0.011472706649818316,0.10711072145130159,0.015214464923079905,0.12334692911896876
594,-1,val,30,0.015214464923079905,0.12334692911896876,0.015214464923079905,0.12334692911896876
595,0,val,16,0.014432623481754855,0.12013585427238138,0.015481395612922184,0.1244242565295135
595,1,val,14,0.01653016774408951,0.12856969994555292,0.015481395612922184,0.1244242565295135
595,-1,val,30,0.015481395612922184,0.1244242565295135,0.015481395612922184,0.1244242565295135
596,0,val,16,0.010729378687107409,0.10358271422929315,0.0156644009705487,0.12515750465133402
596,1,val,14,0.020599423253989987,0.14352499174007985,0.0156644009705487,0.12515750465133402
596,-1,val,30,0.0156644009705487,0.12515750465133402,0.0156644009705487,0.12515750465133402
597,0,val,16,0.02175568099911023,0.14749807117081304,0.014868426568492557,0.1219361577568055
597,1,val,14,0.007981172137874883,0.08933740615148217,0.014868426568492557,0.1219361577568055
597,-1,val,30,0.014868426568492557,0.1219361577568055,0.014868426568492557,0.1219361577568055
598,0,val,16,0.01520501629616316,0.12330862214850655,0.015329003210464579,0.12381035179040797
598,1,val,14,0.015452990124765998,0.12431005641043687,0.015329003210464579,0.12381035179040797
598,-1,val,30,0.015329003210464579,0.12381035179040797,0.015329003210464579,0.12381035179040797
599,0,val,16,0.016842502178888576,0.12977866611615554,0.015200115635357277,0.12328874902178738
599,1,val,14,0.01355772909182598,0.1164376618273743,0.015200115635357277,0.12328874902178738
599,-1,val,30,0.015200115635357277,0.12328874902178738,0.015200115635357277,0.12328874902178738
600,0,val,16,0.014249360952543793,0.11937068715787721,0.015321535741287372,0.1237801912314219
600,1,val,14,0.016393710530030952,0.12803792613921453,0.015321535741287372,0.1237801912314219
600,-1,val,30,0.015321535741287372,0.1237801912314219,0.015321535741287372,0.1237801912314219
601,0,val,16,0.009544589328728962,0.09769641410373751,0.01562774958536914,0.12501099785766506
601,1,val,14,0.021710909842009313,0.14734622439007153,0.01562774958536914,0.12501099785766506
601,-1,val,30,0.01562774958536914,0.12501099785766506,0.01562774958536914,0.12501099785766506
602,0,val,16,0.011481880385951559,0.10715353650697469,0.015474090615802785,0.12439489786885467
602,1,val,14,0.01946630084565401,0.13952168593324127,0.015474090615802785,0.12439489786885467
602,-1,val,30,0.015474090615802785,0.12439489786885467,0.015474090615802785,0.12439489786885467
603,0,val,16,0.022416963631862984,0.14972295626210091,0.014609097312378316,0.12086809882007045
603,1,val,14,0.006801230992893648,0.08246957616535718,0.014609097312378316,0.12086809882007045
603,-1,val,30,0.014609097312378316,0.12086809882007045,0.014609097312378316,0.12086809882007045
604,0,val,16,0.010246795209920286,0.10122645508917263,0.015501173012003046,0.12450370682033145
604,1,val,14,0.020755550814085807,0.14406786877748212,0.015501173012003046,0.12450370682033145
604,-1,val,30,0.015501173012003046,0.12450370682033145,0.015501173012003046,0.12450370682033145
605,0,val,16,0.010899845354385762,0.10440232446830751,0.015406276020486645,0.12412202069128042
605,1,val,14,0.01991270668658753,0.14111239026601288,0.015406276020486645,0.12412202069128042
605,-1,val,30,0.015406276020486645,0.12412202069128042,0.015406276020486645,0.12412202069128042
606,0,val,16,0.010094386307171752,0.10047082316360184,0.015457396015786603,0.124327776525548
606,1,val,14,0.020820405724401456,0.1442927777970937,0.015457396015786603,0.124327776525548
606,-1,val,30,0.015457396015786603,0.124327776525548,0.015457396015786603,0.124327776525548
607,0,val,16,0.008689189615532281,0.09321582277452836,0.015593992361200142,0.12487590784935317
607,1,val,14,0.022498795106868003,0.1499959836357894,0.015593992361200142,0.12487590784935317
607,-1,val,30,0.015593992361200142,0.12487590784935317,0.015593992361200142,0.12487590784935317
608,0,val,16,0.015792278973653033,0.12566733455298967,0.015089780868326082,0.12284046917985164
608,1,val,14,0.01438728276299913,0.11994699980824501,0.015089780868326082,0.12284046917985164
608,-1,val,30,0.015089780868326082,0.12284046917985164,0.015089780868326082,0.12284046917985164
609,0,val,16,0.0021011071697490677,0.0458378355700732,0.016040089700662254,0.1266494757220189
609,1,val,14,0.029979072231575442,0.17314465695358736,0.016040089700662254,0.1266494757220189
609,-1,val,30,0.016040089700662254,0.1266494757220189,0.016040089700662254,0.1266494757220189
610,0,val,16,0.020737177866165146,0.1440040897549967,0.014620555770371434,0.12091549020026936
610,1,val,14,0.008503933674577724,0.0922167754509868,0.014620555770371434,0.12091549020026936
610,-1,val,30,0.014620555770371434,0.12091549020026936,0.014620555770371434,0.12091549020026936
611,0,val,16,0.015731038248324013,0.12542343580178314,0.01495932092468838,0.12230830276268402
611,1,val,14,0.014187603601052748,0.11911172738673866,0.01495932092468838,0.12230830276268402
611,-1,val,30,0.01495932092468838,0.12230830276268402,0.01495932092468838,0.12230830276268402
612,0,val,16,0.01512586100884302,0.12298723921140363,0.01499982534347432,0.12247377410480302
612,1,val,14,0.01487378967810562,0.12195814723955764,0.01499982534347432,0.12247377410480302
612,-1,val,30,0.01499982534347432,0.12247377410480302,0.01499982534347432,0.12247377410480302
613,0,val,16,0.013061166991294993,0.11428546272949588,0.015107124380871109,0.12291104255058252
613,1,val,14,0.017153081770447224,0.13096977426279402,0.015107124380871109,0.12291104255058252
613,-1,val,30,0.015107124380871109,0.12291104255058252,0.015107124380871109,0.12291104255058252
614,0,val,16,0.015071443689335462,0.12276580830726226,0.014907281494636285,0.12209537867845893
614,1,val,14,0.014743119299937105,0.1214212473166748,0.014907281494636285,0.12209537867845893
614,-1,val,30,0.014907281494636285,0.12209537867845893,0.014907281494636285,0.12209537867845893
615,0,val,16,0.013771527062500472,0.1173521497992281,0.014973469499584814,0.12236612889024812
615,1,val,14,0.016175411936669156,0.12718259289961484,0.014973469499584814,0.12236612889024812
615,-1,val,30,0.014973469499584814,0.12236612889024812,0.014973469499584814,0.12236612889024812
616,0,val,16,0.01603347347008639,0.12662335278330925,0.014793960389709091,0.12163042542764163
616,1,val,14,0.013554447309331794,0.11642356853031002,0.014793960389709091,0.12163042542764163
616,-1,val,30,0.014793960389709091,0.12163042542764163,0.014793960389709091,0.12163042542764163
617,0,val,16,0.016475696456838003,0.12835768951191823,0.01473219386147468,0.12137624916545527
617,1,val,14,0.01298869126611136,0.11396793964142442,0.01473219386147468,0.12137624916545527
617,-1,val,30,0.01473219386147468,0.12137624916545527,0.01473219386147468,0.12137624916545527
618,0,val,16,0.015561821030191455,0.12474702814172149,0.014752954317689151,0.12146174013939184
618,1,val,14,0.013944087605186846,0.11808508629453106,0.014752954317689151,0.12146174013939184
618,-1,val,30,0.014752954317689151,0.12146174013939184,0.014752954317689151,0.12146174013939184
619,0,val,16,0.015960763014449465,0.12633591339935554,0.014685232922650952,0.12118264282747324
619,1,val,14,0.013409702830852436,0.11580027129006407,0.014685232922650952,0.12118264282747324
619,-1,val,30,0.014685232922650952,0.12118264282747324,0.014685232922650952,0.12118264282747324
620,0,val,16,0.007830135785177947,0.08848805447730189,0.015277009307517894,0.12360019946390821
620,1,val,14,0.022723882829857843,0.15074442885180814,0.015277009307517894,0.12360019946390821
620,-1,val,30,0.015277009307517894,0.12360019946390821,0.015277009307517894,0.12360019946390821
621,0,val,16,0.015224425407272943,0.1233872984033322,0.01471215560318369,0.12129367503371183
621,1,val,14,0.014199885799094437,0.11916327370081117,0.01471215560318369,0.12129367503371183
621,-1,val,30,0.01471215560318369,0.12129367503371183,0.01471215560318369,0.12129367503371183
622,0,val,16,0.02205277641246261,0.14850177242195667,0.014137850441916979,0.11890269316511287
622,1,val,14,0.006222924471371351,0.0788855149654951,0.014137850441916979,0.11890269316511287
622,-1,val,30,0.014137850441916979,0.11890269316511287,0.014137850441916979,0.11890269316511287
623,0,val,16,0.008008161411942822,0.08948833114961315,0.015185386118645734,0.12322899869205192
623,1,val,14,0.02236261082534865,0.14954133483872828,0.015185386118645734,0.12322899869205192
623,-1,val,30,0.015185386118645734,0.12322899869205192,0.015185386118645734,0.12322899869205192
624,0,val,16,0.00815000905024725,0.09027740055100862,0.015214264866462693,0.12334611816535895
624,1,val,14,0.022278520682678136,0.14925990983073162,0.015214264866462693,0.12334611816535895
624,-1,val,30,0.015214264866462693,0.12334611816535895,0.015214264866462693,0.12334611816535895
625,0,val,16,0.0115985726431642,0.10769666960108006,0.015030495804123635,0.12259892252431763
625,1,val,14,0.01846241896508307,0.13587648422402998,0.015030495804123635,0.12259892252431763
625,-1,val,30,0.015030495804123635,0.12259892252431763,0.015030495804123635,0.12259892252431763
626,0,val,16,0.014609992836756628,0.12087180331556499,0.014750426512787945,0.12145133392757752
626,1,val,14,0.014890860188819263,0.12202811228901012,0.014750426512787945,0.12145133392757752
626,-1,val,30,0.014750426512787945,0.12145133392757752,0.014750426512787945,0.12145133392757752
627,0,val,16,0.018154789543795444,0.13473971034478086,0.014456302327417337,0.12023436417022106
627,1,val,14,0.010757815111039232,0.10371988773152058,0.014456302327417337,0.12023436417022106
627,-1,val,30,0.014456302327417337,0.12023436417022106,0.014456302327417337,0.12023436417022106
628,0,val,16,0.011032057765518168,0.10503360303025965,0.01495488629432267,0.12229017251734772
628,1,val,14,0.01887771482312717,0.13739619653806714,0.01495488629432267,0.12229017251734772
628,-1,val,30,0.01495488629432267,0.12229017251734772,0.01495488629432267,0.12229017251734772
629,0,val,16,0.011152029998820012,0.10560317229524883,0.014896442427361285,0.12205098290206959
629,1,val,14,0.018640854855902556,0.13653151598038657,0.014896442427361285,0.12205098290206959
629,-1,val,30,0.014896442427361285,0.12205098290206959,0.014896442427361285,0.12205098290206959
630,0,val,16,0.01786864340359582,0.13367364513469296,0.014356566633072245,0.11981889096912993
630,1,val,14,0.01084448986254867,0.10413688041490714,0.014356566633072245,0.11981889096912993
630,-1,val,30,0.014356566633072245,0.11981889096912993,0.014356566633072245,0.11981889096912993
631,0,val,16,0.013133983568350893,0.11460359317382196,0.014619666939990804,0.12091181472457853
631,1,val,14,0.016105350311630715,0.12690685683457265,0.014619666939990804,0.12091181472457853
631,-1,val,30,0.014619666939990804,0.12091181472457853,0.014619666939990804,0.12091181472457853
632,0,val,16,0.01968325349975265,0.14029701885554322,0.014174777463684514,0.11905787442955848
632,1,val,14,0.008666301427616376,0.09309297195608472,0.014174777463684514,0.11905787442955848
632,-1,val,30,0.014174777463684514,0.11905787442955848,0.014174777463684514,0.11905787442955848
633,0,val,16,0.012679773400273814,0.11260449991129934,0.014617974610888325,0.12090481632626686
633,1,val,14,0.016556175821502834,0.12867080407576084,0.014617974610888325,0.12090481632626686
633,-1,val,30,0.014617974610888325,0.12090481632626686,0.014617974610888325,0.12090481632626686
634,0,val,16,0.008416005058239681,0.09173878709814993,0.014923418105784902,0.12216144279511806
634,1,val,14,0.021430831153330124,0.14639272916825521,0.014923418105784902,0.12216144279511806
634,-1,val,30,0.014923418105784902,0.12216144279511806,0.014923418105784902,0.12216144279511806
635,0,val,16,0.014201950908964556,0.11917193842916442,0.01451834141469872,0.12049208029865996
635,1,val,14,0.014834731920432885,0.12179791426963306,0.01451834141469872,0.12049208029865996
635,-1,val,30,0.01451834141469872,0.12049208029865996,0.01451834141469872,0.12049208029865996
636,0,val,16,0.014554762675127389,0.12064312112643384,0.014477823599448133,0.12032382806181048
636,1,val,14,0.014400884523768876,0.12000368545910944,0.014477823599448133,0.12032382806181048
636,-1,val,30,0.014477823599448133,0.12032382806181048,0.014477823599448133,0.12032382806181048
637,0,val,16,0.012292568052250001,0.11087185419325322,0.014602543005447853,0.12084098230918124
637,1,val,14,0.016912517958645706,0.13004813708256535,0.014602543005447853,0.12084098230918124
637,-1,val,30,0.014602543005447853,0.12084098230918124,0.014602543005447853,0.12084098230918124
638,0,val,16,0.013388694516422883,0.11570952647220921,0.014494448471121265,0.12039289211212291
638,1,val,14,0.015600202425819647,0.12490077031715877,0.014494448471121265,0.12039289211212291
638,-1,val,30,0.014494448471121265,0.12039289211212291,0.014494448471121265,0.12039289211212291
639,0,val,16,0.010192030659959573,0.10095558756185599,0.01472706372039001,0.12135511410892419
639,1,val,14,0.01926209678082045,0.13878795618071638,0.01472706372039001,0.12135511410892419
639,-1,val,30,0.01472706372039001,0.12135511410892419,0.01472706372039001,0.12135511410892419
640,0,val,16,0.01797052508950247,0.13405418713901654,0.01415381703314448,0.1189698156388606
640,1,val,14,0.010337108976786491,0.10167157408433534,0.01415381703314448,0.1189698156388606
640,-1,val,30,0.01415381703314448,0.1189698156388606,0.01415381703314448,0.1189698156388606
641,0,val,16,0.009496467987251848,0.09744982292057718,0.014625161004299093,0.12093453189349639
641,1,val,14,0.01975385402134634,0.14054840454927384,0.014625161004299093,0.12093453189349639
641,-1,val,30,0.014625161004299093,0.12093453189349639,0.014625161004299093,0.12093453189349639
642,0,val,16,0.02223806240472,0.14912431862281886,0.013689551354913515,0.11700235619385413
642,1,val,14,0.00514104030510703,0.07170104814510754,0.013689551354913515,0.11700235619385413
642,-1,val,30,0.013689551354913515,0.11700235619385413,0.013689551354913515,0.11700235619385413
643,0,val,16,0.003907704768160556,0.06251163706191476,0.01495183739828531,0.12227770605586821
643,1,val,14,0.025995970028410063,0.16123265807028694,0.01495183739828531,0.12227770605586821
643,-1,val,30,0.01495183739828531,0.12227770605586821,0.01495183739828531,0.12227770605586821
644,0,val,16,0.013914929706579626,0.11796156029223938,0.014223652816945227,0.11926295659988154
644,1,val,14,0.014532375927310829,0.12055030455088378,0.014223652816945227,0.11926295659988154
644,-1,val,30,0.014223652816945227,0.11926295659988154,0.014223652816945227,0.11926295659988154
645,0,val,16,0.016588479048163747,0.128796269542886,0.014012676141970038,0.11837515001878578
645,1,val,14,0.011436873235776327,0.10694331786407381,0.014012676141970038,0.11837515001878578
645,-1,val,30,0.014012676141970038,0.11837515001878578,0.014012676141970038,0.11837515001878578
646,0,val,16,0.019504765664995753,0.13965946321318778,0.01384016730487302,0.11764424042371568
646,1,val,14,0.008175568944750286,0.0904188528170441,0.01384016730487302,0.11764424042371568
646,-1,val,30,0.01384016730487302,0.11764424042371568,0.01384016730487302,0.11764424042371568
647,0,val,16,0.013339266169729585,0.11549574091597312,0.014274022249737235,0.11947393962591689
647,1,val,14,0.015208778329744885,0.12332387574895984,0.014274022249737235,0.11947393962591689
647,-1,val,30,0.014274022249737235,0.11947393962591689,0.014274022249737235,0.11947393962591689
648,0,val,16,0.012757352847399397,0.11294845216911738,0.01426628716859395,0.11944156382346117
648,1,val,14,0.015775221489788504,0.12559944860463562,0.01426628716859395,0.11944156382346117
648,-1,val,30,0.01426628716859395,0.11944156382346117,0.01426628716859395,0.11944156382346117
649,0,val,16,0.010794726999597005,0.10389767562172411,0.014395537391227488,0.11998140435595629
649,1,val,14,0.01799634778285797,0.13415046694983201,0.014395537391227488,0.11998140435595629
649,-1,val,30,0.014395537391227488,0.11998140435595629,0.014395537391227488,0.11998140435595629
650,0,val,16,0.003179501417901684,0.05638706782500474,0.014920034405283191,0.12214759271178123
650,1,val,14,0.0266605673926647,0.163280639981183,0.014920034405283191,0.12214759271178123
650,-1,val,30,0.014920034405283191,0.12214759271178123,0.014920034405283191,0.12214759271178123
651,0,val,16,0.012026979433428522,0.1096675860654757,0.014298110141766698,0.11957470527568403
651,1,val,14,0.016569240850104874,0.12872156326779471,0.014298110141766698,0.11957470527568403
651,-1,val,30,0.014298110141766698,0.11957470527568403,0.014298110141766698,0.11957470527568403
652,0,val,16,0.010916622595868326,0.10448264255783506,0.014341455773504815,0.11975581728460967
652,1,val,14,0.017766288951141306,0.13329024327062092,0.014341455773504815,0.11975581728460967
652,-1,val,30,0.014341455773504815,0.11975581728460967,0.014341455773504815,0.11975581728460967
653,0,val,16,0.011237832352042957,0.10600864281766349,0.014326830011134401,0.11969473677290243
653,1,val,14,0.017415827670225845,0.1319690405747721,0.014326830011134401,0.11969473677290243
653,-1,val,30,0.014326830011134401,0.11969473677290243,0.014326830011134401,0.11969473677290243
654,0,val,16,0.01550393886697744,0.12451481384549165,0.013980771334193459,0.11824031179844487
654,1,val,14,0.012457603801409478,0.11161363626998934,0.013980771334193459,0.11824031179844487
654,-1,val,30,0.013980771334193459,0.11824031179844487,0.013980771334193459,0.11824031179844487
655,0,val,16,0.01775925686735081,0.13326386182064068,0.013751858839169042,0.11726831984457287
655,1,val,14,0.009744460810987276,0.09871403553186991,0.013751858839169042,0.11726831984457287
655,-1,val,30,0.013751858839169042,0.11726831984457287,0.013751858839169042,0.11726831984457287
656,0,val,16,0.019540881079146498,0.13978870154324524,0.013586785901562932,0.11656236914872198
656,1,val,14,0.007632690723979368,0.08736527184172993,0.013586785901562932,0.11656236914872198
656,-1,val,30,0.013586785901562932,0.11656236914872198,0.013586785901562932,0.11656236914872198
657,0,val,16,0.012354396715612476,0.11115033385290607,0.014104920842282778,0.11876413954676208
657,1,val,14,0.01585544496895308,0.12591840599750728,0.014104920842282778,0.11876413954676208
657,-1,val,30,0.014104920842282778,0.11876413954676208,0.014104920842282778,0.11876413954676208
658,0,val,16,0.016299372676611915,0.12766899653640235,0.013891872301693857,0.11786378706665528
658,1,val,14,0.011484371926775797,0.10716516190803706,0.013891872301693857,0.11786378706665528
658,-1,val,30,0.013891872301693857,0.11786378706665528,0.013891872301693857,0.11786378706665528
659,0,val,16,0.01267891133904685,0.11260067201862896,0.014182417593273091,0.11908995588744288
659,1,val,14,0.015685923847499332,0.12524345830221764,0.014182417593273091,0.11908995588744288
659,-1,val,30,0.014182417593273091,0.11908995588744288,0.014182417593273091,0.11908995588744288
660,0,val,16,0.019078512249239222,0.13812498778005095,0.013748097562017076,0.1172522816921576
660,1,val,14,0.008417682874794928,0.09174793117446806,0.013748097562017076,0.1172522816921576
660,-1,val,30,0.013748097562017076,0.1172522816921576,0.013748097562017076,0.1172522816921576
661,0,val,16,0.011644772197572135,0.10791094568009371,0.014186178808503161,0.11910574632864344
661,1,val,14,0.01672758541943419,0.12933516698653227,0.014186178808503161,0.11910574632864344
661,-1,val,30,0.014186178808503161,0.11910574632864344,0.014186178808503161,0.11910574632864344
662,0,val,16,0.016623774889040488,0.1289332187182205,0.013746514304105319,0.11724552999626603
662,1,val,14,0.010869253719170148,0.10425571312484581,0.013746514304105319,0.11724552999626603
662,-1,val,30,0.013746514304105319,0.11724552999626603,0.013746514304105319,0.11724552999626603
663,0,val,16,0.009734182073180058,0.09866195859185069,0.014181882654989757,0.11908770992419729
663,1,val,14,0.018629583236799453,0.13649023128707582,0.014181882654989757,0.11908770992419729
663,-1,val,30,0.014181882654989757,0.11908770992419729,0.014181882654989757,0.11908770992419729
664,0,val,16,0.010597216555777573,0.10294278292225043,0.014150829474058586,0.11895725902213192
664,1,val,14,0.0177044423923396,0.13305804144184447,0.014150829474058586,0.11895725902213192
664,-1,val,30,0.014150829474058586,0.11895725902213192,0.014150829474058586,0.11895725902213192
665,0,val,16,0.01909775314546646,0.13819462053736556,0.013554861043440947,0.11642534536534967
665,1,val,14,0.008011968941415431,0.08950960250953767,0.013554861043440947,0.11642534536534967
665,-1,val,30,0.013554861043440947,0.11642534536534967,0.013554861043440947,0.11642534536534967
666,0,val,16,0.018404001212469635,0.13566134752562956,0.013581805334458283,0.1165410028035553
666,1,val,14,0.00875960945644693,0.09359278527988646,0.013581805334458283,0.1165410028035553
666,-1,val,30,0.013581805334458283,0.1165410028035553,0.013581805334458283,0.1165410028035553
667,0,val,16,0.0166714121692456,0.12911782281794254,0.013622206526459738,0.11671420875994379
667,1,val,14,0.010573000883673878,0.10282509851040202,0.013622206526459738,0.11671420875994379
667,-1,val,30,0.013622206526459738,0.11671420875994379,0.013622206526459738,0.11671420875994379
668,0,val,16,0.007211883761550032,0.08492281060792814,0.01425426560880234,0.11939122919545782
668,1,val,14,0.02129664745605465,0.14593370911497675,0.01425426560880234,0.11939122919545782
668,-1,val,30,0.01425426560880234,0.11939122919545782,0.01425426560880234,0.11939122919545782
669,0,val,16,0.015446289849586991,0.1242831036367655,0.013699236786100546,0.11704373877359073
669,1,val,14,0.011952183722614099,0.10932604320386839,0.013699236786100546,0.11704373877359073
669,-1,val,30,0.013699236786100546,0.11704373877359073,0.013699236786100546,0.11704373877359073
670,0,val,16,0.015385314831247835,0.12403755411667805,0.013730860418239784,0.11717875412479765
670,1,val,14,0.012076406005231735,0.10989270223828211,0.013730860418239784,0.11717875412479765
670,-1,val,30,0.013730860418239784,0.11717875412479765,0.013730860418239784,0.11717875412479765
671,0,val,16,0.0038772401482078055,0.062267488693601616,0.014487518497818137,0.12036410801322019
671,1,val,14,0.02509779684742847,0.15842284193710346,0.014487518497818137,0.12036410801322019
671,-1,val,30,0.014487518497818137,0.12036410801322019,0.014487518497818137,0.12036410801322019
672,0,val,16,0.01429648240045817,0.11956789870386687,0.01371770785706184,0.11712261889601787
672,1,val,14,0.013138933313665512,0.11462518620994913,0.01371770785706184,0.11712261889601787
672,-1,val,30,0.01371770785706184,0.11712261889601787,0.01371770785706184,0.11712261889601787
673,0,val,16,0.016903074826218334,0.1300118257168106,0.013511378876123855,0.11623845695863248
673,1,val,14,0.010119682926029378,0.10059663476493326,0.013511378876123855,0.11623845695863248
673,-1,val,30,0.013511378876123855,0.11623845695863248,0.013511378876123855,0.11623845695863248
674,0,val,16,0.016755969907297986,0.12944485276478931,0.013508092383674158,0.11622431924375448
674,1,val,14,0.010260214860050331,0.10129271869216627,0.013508092383674158,0.11622431924375448
674,-1,val,30,0.013508092383674158,0.11622431924375448,0.013508092383674158,0.11622431924375448
675,0,val,16,0.009947776980866685,0.09973854310579579,0.013991257082536847,0.11828464432265436
675,1,val,14,0.01803473718420701,0.1342934740938926,0.013991257082536847,0.11828464432265436
675,-1,val,30,0.013991257082536847,0.11828464432265436,0.013991257082536847,0.11828464432265436
676,0,val,16,0.002725319064787008,0.05220458854149708,0.014463447840600264,0.12026407543651706
676,1,val,14,0.026201576616413518,0.16186901067348722,0.014463447840600264,0.12026407543651706
676,-1,val,30,0.014463447840600264,0.12026407543651706,0.014463447840600264,0.12026407543651706
677,0,val,16,0.011745616281834383,0.10837719447298118,0.01382219843659857,0.11756784610002248
677,1,val,14,0.01589878059136276,0.12609036676670726,0.01382219843659857,0.11756784610002248
677,-1,val,30,0.01382219843659857,0.11756784610002248,0.01382219843659857,0.11756784610002248
678,0,val,16,0.010257053467597383,0.10127711225937172,0.013936277747681752,0.11805201289127497
678,1,val,14,0.01761550202776612,0.13272340422007764,0.013936277747681752,0.11805201289127497
678,-1,val,30,0.013936277747681752,0.11805201289127497,0.013936277747681752,0.11805201289127497
679,0,val,16,0.013554583852161342,0.11642415493428046,0.013662672684091753,0.1168874359548183
679,1,val,14,0.013770761516022162,0.11734888800505168,0.013662672684091753,0.1168874359548183
679,-1,val,30,0.013662672684091753,0.1168874359548183,0.013662672684091753,0.1168874359548183
680,0,val,16,0.018442657298862002,0.13580374552589483,0.013353940514081944,0.11555925109692405
680,1,val,14,0.008265223729301885,0.09091327586937942,0.013353940514081944,0.11555925109692405
680,-1,val,30,0.013353940514081944,0.11555925109692405,0.013353940514081944,0.11555925109692405
681,0,val,16,0.017339609712538725,0.13167995182463701,0.013454717090973189,0.115994470087902
681,1,val,14,0.009569824469407653,0.09782547965334826,0.013454717090973189,0.115994470087902
681,-1,val,30,0.013454717090973189,0.115994470087902,0.013454717090973189,0.115994470087902
682,0,val,16,0.018348301089952855,0.1354559009048807,0.013344665895476001,0.11551911484891147
682,1,val,14,0.008341030700999147,0.09132924340538,0.013344665895476001,0.11551911484891147
682,-1,val,30,0.013344665895476001,0.11551911484891147,0.013344665895476001,0.11551911484891147
683,0,val,16,0.018165493291120185,0.13477942458372563,0.013322990844825945,0.11542526086098287
683,1,val,14,0.008480488398531704,0.09208956726215899,0.013322990844825945,0.11542526086098287
683,-1,val,30,0.013322990844825945,0.11542526086098287,0.013322990844825945,0.11542526086098287
684,0,val,16,0.01291435039996558,0.1136413234697906,0.013613493423630284,0.11667687613074959
684,1,val,14,0.014312636447294988,0.11963543140430843,0.013613493423630284,0.11667687613074959
684,-1,val,30,0.013613493423630284,0.11667687613074959,0.013613493423630284,0.11667687613074959
685,0,val,16,0.01381262661196363,0.11752713138660209,0.013484681305789226,0.11612356051116081
685,1,val,14,0.013156735999614819,0.11470281600560127,0.013484681305789226,0.11612356051116081
685,-1,val,30,0.013484681305789226,0.11612356051116081,0.013484681305789226,0.11612356051116081
686,0,val,16,0.01875728659414284,0.13695724367167603,0.01312758640387805,0.11457567980980103
686,1,val,14,0.007497886213613257,0.08659033556704383,0.01312758640387805,0.11457567980980103
686,-1,val,30,0.01312758640387805,0.11457567980980103,0.01312758640387805,0.11457567980980103
687,0,val,16,0.016508750975599812,0.12848638439772447,0.013334755804735806,0.11547621315550578
687,1,val,14,0.010160760633871798,0.1008005983805245,0.013334755804735806,0.11547621315550578
687,-1,val,30,0.013334755804735806,0.11547621315550578,0.013334755804735806,0.11547621315550578
688,0,val,16,0.020658839765239558,0.14373183281806282,0.012973727765200508,0.11390227287109116
688,1,val,14,0.0052886157651614585,0.07272286961583309,0.012973727765200508,0.11390227287109116
688,-1,val,30,0.012973727765200508,0.11390227287109116,0.012973727765200508,0.11390227287109116
689,0,val,16,0.015636390278097847,0.1250455528121566,0.013311485084136801,0.11537540935631302
689,1,val,14,0.010986579890175756,0.10481688742838988,0.013311485084136801,0.11537540935631302
689,-1,val,30,0.013311485084136801,0.11537540935631302,0.013311485084136801,0.11537540935631302
690,0,val,16,0.0071032095053963325,0.08428054049065141,0.013912702995308864,0.11795212162275363
690,1,val,14,0.020722196485221396,0.1439520631502772,0.013912702995308864,0.11795212162275363
690,-1,val,30,0.013912702995308864,0.11795212162275363,0.013912702995308864,0.11795212162275363
691,0,val,16,0.011848616885879426,0.10885135224644399,0.01358131481984844,0.11653889831231648
691,1,val,14,0.015314012753817455,0.12374979900515982,0.01358131481984844,0.11653889831231648
691,-1,val,30,0.01358131481984844,0.11653889831231648,0.01358131481984844,0.11653889831231648
692,0,val,16,0.008480712772571782,0.09209078549220753,0.01384342871429666,0.11765810092933109
692,1,val,14,0.019206144656021537,0.1385862354493459,0.01384342871429666,0.11765810092933109
692,-1,val,30,0.01384342871429666,0.11765810092933109,0.01384342871429666,0.11765810092933109
693,0,val,16,0.012006734116251586,0.1095752440848369,0.013593885931016318,0.1165928210955388
693,1,val,14,0.01518103774578105,0.12321135396456387,0.013593885931016318,0.1165928210955388
693,-1,val,30,0.013593885931016318,0.1165928210955388,0.013593885931016318,0.1165928210955388
694,0,val,16,0.012320166919507006,0.11099624732173158,0.01346787019045995,0.1160511533353286
694,1,val,14,0.014615573461412895,0.12089488600190207,0.01346787019045995,0.1160511533353286
694,-1,val,30,0.01346787019045995,0.1160511533353286,0.01346787019045995,0.1160511533353286
695,0,val,16,0.016187296486280763,0.12722930671146787,0.013241153095504075,0.11507020941800739
695,1,val,14,0.010295009704727388,0.10146432725213028,0.013241153095504075,0.11507020941800739
695,-1,val,30,0.013241153095504075,0.11507020941800739,0.013241153095504075,0.11507020941800739
696,0,val,16,0.017136469484837,0.13090633859686474,0.013156130387040589,0.11470017605496771
696,1,val,14,0.00917579128924418,0.09579035071051875,0.013156130387040589,0.11470017605496771
696,-1,val,30,0.013156130387040589,0.11470017605496771,0.013156130387040589,0.11470017605496771
697,0,val,16,0.006222693504921713,0.07888405101743769,0.01393272266491303,0.118036954657908
697,1,val,14,0.021642751824904348,0.14711475733217366,0.01393272266491303,0.118036954657908
697,-1,val,30,0.01393272266491303,0.118036954657908,0.01393272266491303,0.118036954657908
698,0,val,16,0.016491854342844975,0.1284206149449728,0.013191194154478673,0.11485292401362132
698,1,val,14,0.009890533966112372,0.0994511637242741,0.013191194154478673,0.11485292401362132
698,-1,val,30,0.013191194154478673,0.11485292401362132,0.013191194154478673,0.11485292401362132
699,0,val,16,0.012733816281404195,0.1128442124408877,0.013455516153002747,0.11599791443384982
699,1,val,14,0.0141772160246013,0.11906811506277111,0.013455516153002747,0.11599791443384982
699,-1,val,30,0.013455516153002747,0.11599791443384982,0.013455516153002747,0.11599791443384982
700,0,val,16,0.014773203831172383,0.12154506913557778,0.013239689096014666,0.11506384791069116
700,1,val,14,0.011706174360856948,0.10819507549263482,0.013239689096014666,0.11506384791069116
700,-1,val,30,0.013239689096014666,0.11506384791069116,0.013239689096014666,0.11506384791069116
701,0,val,16,0.011734478366559279,0.10832579732713385,0.013460087472586837,0.11601761707855768
701,1,val,14,0.015185696578614395,0.12323025837274867,0.013460087472586837,0.11601761707855768
701,-1,val,30,0.013460087472586837,0.11601761707855768,0.013460087472586837,0.11601761707855768
702,0,val,16,0.011497573418831567,0.10722673835770427,0.01344863096836775,0.1159682325827541
702,1,val,14,0.015399688517903933,0.12409548145643311,0.01344863096836775,0.1159682325827541
702,-1,val,30,0.01344863096836775,0.1159682325827541,0.01344863096836775,0.1159682325827541
703,0,val,16,0.006163935787145074,0.07851073676348397,0.013874799476556777,0.11779133871620942
703,1,val,14,0.02158566316596848,0.14692060157094539,0.013874799476556777,0.11779133871620942
703,-1,val,30,0.013874799476556777,0.11779133871620942,0.013874799476556777,0.11779133871620942
704,0,val,16,0.011559484301102391,0.10751504220853188,0.013500460895028297,0.11619148374570443
704,1,val,14,0.0154414374889542,0.12426358070228864,0.013500460895028297,0.11619148374570443
704,-1,val,30,0.013500460895028297,0.11619148374570443,0.013500460895028297,0.11619148374570443
705,0,val,16,0.009073733644334281,0.095256147540903,0.01359506131211945,0.1165978615246414
705,1,val,14,0.01811638897990462,0.1345971358532737,0.01359506131211945,0.1165978615246414
705,-1,val,30,0.01359506131211945,0.1165978615246414,0.01359506131211945,0.1165978615246414
706,0,val,16,0.014680388667754646,0.12116265376655731,0.013185826901638581,0.11482955587146795
706,1,val,14,0.011691265135522516,0.10812615379972838,0.013185826901638581,0.11482955587146795
706,-1,val,30,0.013185826901638581,0.11482955587146795,0.013185826901638581,0.11482955587146795
707,0,val,16,0.014071406990288981,0.1186229614800144,0.013290254375783074,0.11528336556408766
707,1,val,14,0.012509101761277168,0.11184409578192837,0.013290254375783074,0.11528336556408766
707,-1,val,30,0.013290254375783074,0.11528336556408766,0.013290254375783074,0.11528336556408766
708,0,val,16,0.018247650901194193,0.13508386617651344,0.012845382725519865,0.11333747273307211
708,1,val,14,0.007443114549845539,0.08627348694613855,0.012845382725519865,0.11333747273307211
708,-1,val,30,0.012845382725519865,0.11333747273307211,0.012845382725519865,0.11333747273307211
709,0,val,16,0.018508655684900233,0.13604652029691988,0.012793147955874317,0.11310679889323327
709,1,val,14,0.007077640226848402,0.08412871226191687,0.012793147955874317,0.11310679889323327
709,-1,val,30,0.012793147955874317,0.11310679889323327,0.012793147955874317,0.11310679889323327
710,0,val,16,0.013752238936512128,0.11726994046434973,0.013187107256862007,0.11483513076085212
710,1,val,14,0.012621975577211885,0.11234756596033527,0.013187107256862007,0.11483513076085212
710,-1,val,30,0.013187107256862007,0.11483513076085212,0.013187107256862007,0.11483513076085212
711,0,val,16,0.01409103814628107,0.11870567866063136,0.013177238816167402,0.11479215485462149
711,1,val,14,0.012263439486053731,0.1107404148721402,0.013177238816167402,0.11479215485462149
711,-1,val,30,0.013177238816167402,0.11479215485462149,0.013177238816167402,0.11479215485462149
712,0,val,16,0.012153248127025755,0.11024177124405138,0.013237741867738404,0.11505538608747704
712,1,val,14,0.014322235608451054,0.11967554306729113,0.013237741867738404,0.11505538608747704
712,-1,val,30,0.013237741867738404,0.11505538608747704,0.013237741867738404,0.11505538608747704
713,0,val,16,0.01924537028900119,0.13872768393151091,0.012727877161625059,0.11281789380069572
713,1,val,14,0.006210384034248928,0.07880598983737802,0.012727877161625059,0.11281789380069572
713,-1,val,30,0.012727877161625059,0.11281789380069572,0.012727877161625059,0.11281789380069572
714,0,val,16,0.014512305794756888,0.12046703198284951,0.013053040959863881,0.11424990573240698
714,1,val,14,0.011593776124970874,0.10767439865154053,0.013053040959863881,0.11424990573240698
714,-1,val,30,0.013053040959863881,0.11424990573240698,0.013053040959863881,0.11424990573240698
715,0,val,16,0.014206193520565291,0.11918973748005862,0.013071370713132344,0.11433009539544846
715,1,val,14,0.011936547905699398,0.10925450977282081,0.013071370713132344,0.11433009539544846
715,-1,val,30,0.013071370713132344,0.11433009539544846,0.013071370713132344,0.11433009539544846
716,0,val,16,0.009907285534914817,0.09953534816794894,0.013352970165608654,0.11555505253172037
716,1,val,14,0.01679865479630249,0.12960962462835268,0.013352970165608654,0.11555505253172037
716,-1,val,30,0.013352970165608654,0.11555505253172037,0.013352970165608654,0.11555505253172037
717,0,val,16,0.011813498647228377,0.10868991971304597,0.013192228782519994,0.11485742806854067
717,1,val,14,0.01457095891781161,0.1207102270638723,0.013192228782519994,0.11485742806854067
717,-1,val,30,0.013192228782519994,0.11485742806854067,0.013192228782519994,0.11485742806854067
718,0,val,16,0.01627948590410922,0.1275910886547694,0.012810995731501174,0.11318566928503437
718,1,val,14,0.009342505558893127,0.0966566374280273,0.012810995731501174,0.11318566928503437
718,-1,val,30,0.012810995731501174,0.11318566928503437,0.012810995731501174,0.11318566928503437
719,0,val,16,0.01079191080395474,0.1038841220011737,0.013193458120971314,0.11486277952831941
719,1,val,14,0.01559500543798789,0.1248799641174992,0.013193458120971314,0.11486277952831941
719,-1,val,30,0.013193458120971314,0.11486277952831941,0.013193458120971314,0.11486277952831941
720,0,val,16,0.004861843962522214,0.06972692422961316,0.013650242999355914,0.11683425439209134
720,1,val,14,0.022438642036189612,0.1497953338264901,0.013650242999355914,0.11683425439209134
720,-1,val,30,0.013650242999355914,0.11683425439209134,0.013650242999355914,0.11683425439209134
721,0,val,16,0.01171828003407296,0.1082510047716554,0.013134123181724165,0.1146042022864963
721,1,val,14,0.014549966329375368,0.12062324124883798,0.013134123181724165,0.1146042022864963
721,-1,val,30,0.013134123181724165,0.1146042022864963,0.013134123181724165,0.1146042022864963
722,0,val,16,0.009995119006849145,0.09997559205550695,0.01328789258237021,0.11527312168224738
722,1,val,14,0.016580666157891277,0.12876593554931862,0.01328789258237021,0.11527312168224738
722,-1,val,30,0.01328789258237021,0.11527312168224738,0.01328789258237021,0.11527312168224738
723,0,val,16,0.01350199627503593,0.11619809066863332,0.013092687506448653,0.11442328218701232
723,1,val,14,0.012683378737861377,0.11262050762566016,0.013092687506448653,0.11442328218701232
723,-1,val,30,0.013092687506448653,0.11442328218701232,0.013092687506448653,0.11442328218701232
724,0,val,16,0.012635865780470098,0.11240936696054336,0.013073105682202012,0.11433768268686405
724,1,val,14,0.013510345583933927,0.11623401216483034,0.013073105682202012,0.11433768268686405
724,-1,val,30,0.013073105682202012,0.11433768268686405,0.013073105682202012,0.11433768268686405
725,0,val,16,0.01535117597194816,0.12389986267929501,0.012819076061206426,0.11322135867938711
725,1,val,14,0.01028697615046469,0.10142473145374697,0.012819076061206426,0.11322135867938711
725,-1,val,30,0.012819076061206426,0.11322135867938711,0.012819076061206426,0.11322135867938711
726,0,val,16,0.015334571119624451,0.1238328353855489,0.01287395206130949,0.11346343931553234
726,1,val,14,0.010413333002994527,0.10204573975916156,0.01287395206130949,0.11346343931553234
726,-1,val,30,0.01287395206130949,0.11346343931553234,0.01287395206130949,0.11346343931553234
727,0,val,16,0.01925863473292902,0.1387754831839148,0.012573307277119325,0.11213075972773628
727,1,val,14,0.0058879798213096295,0.07673317288702214,0.012573307277119325,0.11213075972773628
727,-1,val,30,0.012573307277119325,0.11213075972773628,0.012573307277119325,0.11213075972773628
728,0,val,16,0.02069204122111768,0.14384728437171723,0.012454310986468797,0.11159888434240191
728,1,val,14,0.004216580751819914,0.06493520425639634,0.012454310986468797,0.11159888434240191
728,-1,val,30,0.012454310986468797,0.11159888434240191,0.012454310986468797,0.11159888434240191
729,0,val,16,0.011182371573825664,0.1057467331591178,0.013088716192396717,0.11440592726077052
729,1,val,14,0.01499506081096777,0.12245432132418917,0.013088716192396717,0.11440592726077052
729,-1,val,30,0.013088716192396717,0.11440592726077052,0.013088716192396717,0.11440592726077052
730,0,val,16,0.01847244356526534,0.13591336786815836,0.01257609437496287,0.11214318693065072
730,1,val,14,0.0066797451846604,0.08172970809112437,0.01257609437496287,0.11214318693065072
730,-1,val,30,0.01257609437496287,0.11214318693065072,0.01257609437496287,0.11214318693065072
731,0,val,16,0.013097284986300297,0.11444337021557997,0.01295380538815204,0.1138147854549313
731,1,val,14,0.012810325790003782,0.11318270976612896,0.01295380538815204,0.1138147854549313
731,-1,val,30,0.01295380538815204,0.1138147854549313,0.01295380538815204,0.1138147854549313
732,0,val,16,0.017136959435339615,0.130908209961559,0.012626423069530473,0.11236735766907786
732,1,val,14,0.00811588670372133,0.09008821623121045,0.012626423069530473,0.11236735766907786
732,-1,val,30,0.012626423069530473,0.11236735766907786,0.012626423069530473,0.11236735766907786
733,0,val,16,0.012485810092345092,0.11173992165893572,0.01292720888861867,0.11369788427503245
733,1,val,14,0.013368607684892252,0.11562269537116081,0.01292720888861867,0.11369788427503245
733,-1,val,30,0.01292720888861867,0.11369788427503245,0.01292720888861867,0.11369788427503245
734,0,val,16,0.017291631100107653,0.1314976467474139,0.012550709380593165,0.11202994858783595
734,1,val,14,0.007809787661078677,0.0883730030104142,0.012550709380593165,0.11202994858783595
734,-1,val,30,0.012550709380593165,0.11202994858783595,0.012550709380593165,0.11202994858783595
735,0,val,16,0.01161399153412945,0.10776823063467939,0.012923151902903643,0.11368004179671841
735,1,val,14,0.014232312271677837,0.11929925511786667,0.012923151902903643,0.11368004179671841
735,-1,val,30,0.012923151902903643,0.11368004179671841,0.012923151902903643,0.11368004179671841
736,0,val,16,0.009575867501545151,0.09785636157933296,0.013101218852174093,0.114460555879194
736,1,val,14,0.016626570202803035,0.12894405842381043,0.013101218852174093,0.114460555879194
736,-1,val,30,0.013101218852174093,0.114460555879194,0.013101218852174093,0.114460555879194
737,0,val,16,0.005982774470721694,0.07734839669134515,0.013392383427780277,0.11572546577041838
737,1,val,14,0.02080199238483886,0.14422895820478931,0.013392383427780277,0.11572546577041838
737,-1,val,30,0.013392383427780277,0.11572546577041838,0.013392383427780277,0.11572546577041838
738,0,val,16,0.011307704776296622,0.10633769217119875,0.012962752825846448,0.11385408567919927
738,1,val,14,0.014617800875396271,0.12090409784368879,0.012962752825846448,0.11385408567919927
738,-1,val,30,0.012962752825846448,0.11385408567919927,0.012962752825846448,0.11385408567919927
739,0,val,16,0.0138850252834966,0.11783473716819078,0.01277251000120069,0.11301552991160414
739,1,val,14,0.011659994718904778,0.10798145543983363,0.01277251000120069,0.11301552991160414
739,-1,val,30,0.01277251000120069,0.11301552991160414,0.01277251000120069,0.11301552991160414
740,0,val,16,0.017432473528215378,0.1320320927964689,0.012462765591738152,0.11163675735051673
740,1,val,14,0.0074930576552609245,0.08656244945275593,0.012462765591738152,0.11163675735051673
740,-1,val,30,0.012462765591738152,0.11163675735051673,0.012462765591738152,0.11163675735051673
741,0,val,16,0.005983120642651995,0.07735063440368149,0.013292109792417546,0.11529141248340029
741,1,val,14,0.020601098942183097,0.143530829239516,0.013292109792417546,0.11529141248340029
741,-1,val,30,0.013292109792417546,0.11529141248340029,0.013292109792417546,0.11529141248340029
742,0,val,16,0.01153327729042743,0.10739309703341007,0.012947811182360984,0.11378844924842321
742,1,val,14,0.014362345074294538,0.11984300177438205,0.012947811182360984,0.11378844924842321
742,-1,val,30,0.012947811182360984,0.11378844924842321,0.012947811182360984,0.11378844924842321
743,0,val,16,0.01908809308843653,0.13815966520094253,0.012380970965092518,0.11126981156222256
743,1,val,14,0.005673848841748506,0.07532495497342502,0.012380970965092518,0.11126981156222256
743,-1,val,30,0.012380970965092518,0.11126981156222256,0.012380970965092518,0.11126981156222256
744,0,val,16,0.008397902597878074,0.09164007091812006,0.013121010099217997,0.11454697769569477
744,1,val,14,0.017844117600557922,0.13358187601826052,0.013121010099217997,0.11454697769569477
744,-1,val,30,0.013121010099217997,0.11454697769569477,0.013121010099217997,0.11454697769569477
745,0,val,16,0.015378729146889961,0.12401100413628607,0.012601210961423978,0.11225511552452289
745,1,val,14,0.009823692775957996,0.09911454371563234,0.012601210961423978,0.11225511552452289
745,-1,val,30,0.012601210961423978,0.11225511552452289,0.012601210961423978,0.11225511552452289
746,0,val,16,0.008251141872219907,0.09083579620512999,0.013092115901227568,0.11442078439351641
746,1,val,14,0.01793308993023523,0.13391448737995165,0.013092115901227568,0.11442078439351641
746,-1,val,30,0.013092115901227568,0.11442078439351641,0.013092115901227568,0.11442078439351641
747,0,val,16,0.006184800258787548,0.07864350105881317,0.013295799360514903,0.11530741242658644
747,1,val,14,0.02040679846224226,0.14285236596655393,0.013295799360514903,0.11530741242658644
747,-1,val,30,0.013295799360514903,0.11530741242658644,0.013295799360514903,0.11530741242658644
748,0,val,16,0.017258266118046966,0.13137072017023796,0.012487135579900985,0.11174585262953156
748,1,val,14,0.007716005041755005,0.08784079372225073,0.012487135579900985,0.11174585262953156
748,-1,val,30,0.012487135579900985,0.11174585262953156,0.012487135579900985,0.11174585262953156
749,0,val,16,0.01064594695576292,0.10317919827059581,0.012934010692496223,0.11372779208485595
749,1,val,14,0.015222074429229524,0.12337777121195505,0.012934010692496223,0.11372779208485595
749,-1,val,30,0.012934010692496223,0.11372779208485595,0.012934010692496223,0.11372779208485595
750,0,val,16,0.01582500332002624,0.12579746945001016,0.012588326219809584,0.11219771040359774
750,1,val,14,0.009351649119592928,0.09670392504750222,0.012588326219809584,0.11219771040359774
750,-1,val,30,0.012588326219809584,0.11219771040359774,0.012588326219809584,0.11219771040359774
751,0,val,16,0.007673363826316633,0.0875977387054976,0.013110107124422106,0.11449937608747965
751,1,val,14,0.01854685042252758,0.13618682176527794,0.013110107124422106,0.11449937608747965
751,-1,val,30,0.013110107124422106,0.11449937608747965,0.013110107124422106,0.11449937608747965
752,0,val,16,0.011300839775309907,0.10630540802475623,0.01283015996762328,0.11327029605162724
752,1,val,14,0.014359480159936653,0.11983104839705215,0.01283015996762328,0.11327029605162724
752,-1,val,30,0.01283015996762328,0.11327029605162724,0.01283015996762328,0.11327029605162724
753,0,val,16,0.006710074080821873,0.08191504184715939,0.013174217371381115,0.11477899359804962
753,1,val,14,0.019638360661940357,0.14013693539513541,0.013174217371381115,0.11477899359804962
753,-1,val,30,0.013174217371381115,0.11477899359804962,0.013174217371381115,0.11477899359804962
754,0,val,16,0.014305319897684379,0.11960484897229033,0.012558374245935814,0.11206415236789959
754,1,val,14,0.010811428594187251,0.10397801976469474,0.012558374245935814,0.11206415236789959
754,-1,val,30,0.012558374245935814,0.11206415236789959,0.012558374245935814,0.11206415236789959
755,0,val,16,0.017349678945439963,0.131718180011113,0.012390931154374252,0.11131455948964741
755,1,val,14,0.0074321833633085406,0.0862101117230951,0.012390931154374252,0.11131455948964741
755,-1,val,30,0.012390931154374252,0.11131455948964741,0.012390931154374252,0.11131455948964741
756,0,val,16,0.016572975150802527,0.1287360677929947,0.012444429453924223,0.11155460301540328
756,1,val,14,0.008315883757045919,0.0911914675671245,0.012444429453924223,0.11155460301540328
756,-1,val,30,0.012444429453924223,0.11155460301540328,0.012444429453924223,0.11155460301540328
757,0,val,16,0.012831602322968783,0.1132766627464315,0.012787029965166508,0.113079750464734
757,1,val,14,0.012742457607364232,0.11288249468967379,0.012787029965166508,0.113079750464734
757,-1,val,30,0.012787029965166508,0.113079750464734,0.012787029965166508,0.113079750464734
758,0,val,16,0.020808934819513607,0.1442530236061401,0.012070393916520589,0.1098653444745912
758,1,val,14,0.003331853013527572,0.05772220554974985,0.012070393916520589,0.1098653444745912
758,-1,val,30,0.012070393916520589,0.1098653444745912,0.012070393916520589,0.1098653444745912
759,0,val,16,0.008240944171444452,0.09077964623991687,0.012999335406047554,0.11401462803538656
759,1,val,14,0.017757726640650656,0.13325812035538642,0.012999335406047554,0.11401462803538656
759,-1,val,30,0.012999335406047554,0.11401462803538656,0.012999335406047554,0.11401462803538656
760,0,val,16,0.010776266088793259,0.10380879581612176,0.012788256245535621,0.11308517252732836
760,1,val,14,0.014800246402277985,0.1216562633088736,0.012788256245535621,0.11308517252732836
760,-1,val,30,0.012788256245535621,0.11308517252732836,0.012788256245535621,0.11308517252732836
761,0,val,16,0.01231725464514526,0.11098312774987584,0.012588236936491297,0.11219731251902292
761,1,val,14,0.012859219227837336,0.11339849746728277,0.012588236936491297,0.11219731251902292
761,-1,val,30,0.012588236936491297,0.11219731251902292,0.012588236936491297,0.11219731251902292
762,0,val,16,0.012488711651964513,0.11175290444531862,0.012550564683818863,0.11202930279091655
762,1,val,14,0.012612417715673214,0.11230502088363287,0.012550564683818863,0.11202930279091655
762,-1,val,30,0.012550564683818863,0.11202930279091655,0.012550564683818863,0.11202930279091655
763,0,val,16,0.013365897220101262,0.1156109736145374,0.01250119896377571,0.11180876067543058
763,1,val,14,0.011636500707450158,0.10787261333373804,0.01250119896377571,0.11180876067543058
763,-1,val,30,0.01250119896377571,0.11180876067543058,0.01250119896377571,0.11180876067543058
764,0,val,16,0.014869732310024636,0.12194151184081915,0.01238797647853248,0.11130128695811418
764,1,val,14,0.009906220647040323,0.09952999872922898,0.01238797647853248,0.11130128695811418
764,-1,val,30,0.01238797647853248,0.11130128695811418,0.01238797647853248,0.11130128695811418
765,0,val,16,0.016267829427629464,0.1275454014366236,0.012342044036542963,0.1110947525157825
765,1,val,14,0.008416258645456462,0.0917401692033346,0.012342044036542963,0.1110947525157825
765,-1,val,30,0.012342044036542963,0.1110947525157825,0.012342044036542963,0.1110947525157825
766,0,val,16,0.007816669066366659,0.08841192830363252,0.012894515751040607,0.11355402128960738
766,1,val,14,0.017972362435714553,0.13406103996208052,0.012894515751040607,0.11355402128960738
766,-1,val,30,0.012894515751040607,0.11355402128960738,0.012894515751040607,0.11355402128960738
767,0,val,16,0.02067358707304428,0.14378312513311248,0.011942960490948382,0.1092838528372256
767,1,val,14,0.003212333908852483,0.05667745503154215,0.011942960490948382,0.1092838528372256
767,-1,val,30,0.011942960490948382,0.1092838528372256,0.011942960490948382,0.1092838528372256
768,0,val,16,0.00837517436977749,0.09151597876752174,0.012794530162117203,0.1131129089101558
768,1,val,14,0.017213885954456914,0.131201699510551,0.012794530162117203,0.1131129089101558
768,-1,val,30,0.012794530162117203,0.1131129089101558,0.012794530162117203,0.1131129089101558
769,0,val,16,0.015101923662340191,0.12288988429622753,0.012312108923796845,0.11095994287938708
769,1,val,14,0.009522294185253499,0.09758224318621446,0.012312108923796845,0.11095994287938708
769,-1,val,30,0.012312108923796845,0.11095994287938708,0.012312108923796845,0.11095994287938708
770,0,val,16,0.01571903015330529,0.1253755564426547,0.012318797257622225,0.11099007729352307
770,1,val,14,0.008918564361939161,0.09443815098750696,0.012318797257622225,0.11099007729352307
770,-1,val,30,0.012318797257622225,0.11099007729352307,0.012318797257622225,0.11099007729352307
771,0,val,16,0.017219570719524825,0.1312233619426237,0.012168639296766712,0.11031155559036737
771,1,val,14,0.0071177078740086,0.08436650919653248,0.012168639296766712,0.11031155559036737
771,-1,val,30,0.012168639296766712,0.11031155559036737,0.012168639296766712,0.11031155559036737
772,0,val,16,0.018941677089936302,0.13762876548867356,0.012065084013210704,0.1098411763102103
772,1,val,14,0.0051884909364851035,0.07203118030745508,0.012065084013210704,0.1098411763102103
772,-1,val,30,0.012065084013210704,0.1098411763102103,0.012065084013210704,0.1098411763102103
773,0,val,16,0.020127297741392804,0.14187070783425593,0.01196879107612644,0.10940197016565305
773,1,val,14,0.003810284410860075,0.061727501252359755,0.01196879107612644,0.10940197016565305
773,-1,val,30,0.01196879107612644,0.10940197016565305,0.01196879107612644,0.10940197016565305
774,0,val,16,0.011990641766882488,0.10950178887526216,0.012486751906747723,0.11174413589422813
774,1,val,14,0.012982862046612958,0.11394236282705812,0.012486751906747723,0.11174413589422813
774,-1,val,30,0.012486751906747723,0.11174413589422813,0.012486751906747723,0.11174413589422813
775,0,val,16,0.01701754481576828,0.13045131205077348,0.0121416184607978,0.11018901243226477
775,1,val,14,0.007265692105827323,0.08523902924029182,0.0121416184607978,0.11018901243226477
775,-1,val,30,0.0121416184607978,0.11018901243226477,0.0121416184607978,0.11018901243226477
776,0,val,16,0.014860728063028999,0.12190458589827127,0.012285258810406265,0.11083888672485963
776,1,val,14,0.009709789557783531,0.09853826443460191,0.012285258810406265,0.11083888672485963
776,-1,val,30,0.012285258810406265,0.11083888672485963,0.012285258810406265,0.11083888672485963
777,0,val,16,0.010579833574467956,0.1028583179644114,0.012626055086497365,0.11236572024642287
777,1,val,14,0.014672276598526775,0.12112917319344162,0.012626055086497365,0.11236572024642287
777,-1,val,30,0.012626055086497365,0.11236572024642287,0.012626055086497365,0.11236572024642287
778,0,val,16,0.005300955228784543,0.07280765913545457,0.012954185062276443,0.11381645338999297
778,1,val,14,0.020607414895768342,0.14355282963344312,0.012954185062276443,0.11381645338999297
778,-1,val,30,0.012954185062276443,0.11381645338999297,0.012954185062276443,0.11381645338999297
779,0,val,16,0.01639877060858404,0.12805768469164217,0.012167132154163342,0.11030472407908622
779,1,val,14,0.007935493699742646,0.08908138806587292,0.012167132154163342,0.11030472407908622
779,-1,val,30,0.012167132154163342,0.11030472407908622,0.012167132154163342,0.11030472407908622
780,0,val,16,0.013906395325994487,0.11792538033008199,0.012378315977772024,0.11125788051986261
780,1,val,14,0.01085023662954956,0.10416446913199126,0.012378315977772024,0.11125788051986261
780,-1,val,30,0.012378315977772024,0.11125788051986261,0.012378315977772024,0.11125788051986261
781,0,val,16,0.014632555985029331,0.12096510234373106,0.012292381556886514,0.11087101314990548
781,1,val,14,0.009952207128743699,0.09976074943956516,0.012292381556886514,0.11087101314990548
781,-1,val,30,0.012292381556886514,0.11087101314990548,0.012292381556886514,0.11087101314990548
782,0,val,16,0.01049367839869903,0.10243865675954088,0.01260058299619167,0.11225231844461686
782,1,val,14,0.014707487593684312,0.12127443091469987,0.01260058299619167,0.11225231844461686
782,-1,val,30,0.01260058299619167,0.11225231844461686,0.01260058299619167,0.11225231844461686
783,0,val,16,0.01338491474955772,0.11569319232157836,0.012311848229423501,0.11095876815026157
783,1,val,14,0.011238781709289285,0.10601312045822105,0.012311848229423501,0.11095876815026157
783,-1,val,30,0.012311848229423501,0.11095876815026157,0.012311848229423501,0.11095876815026157
784,0,val,16,0.01650627617752039,0.12847675345182252,0.01208205984395637,0.1099184235874786
784,1,val,14,0.007657843510392348,0.0875091052999192,0.01208205984395637,0.1099184235874786
784,-1,val,30,0.01208205984395637,0.1099184235874786,0.01208205984395637,0.1099184235874786
785,0,val,16,0.014082716436319285,0.11867062162270528,0.012303148952085657,0.11091956072796924
785,1,val,14,0.01052358146785203,0.10258450890778797,0.012303148952085657,0.11091956072796924
785,-1,val,30,0.012303148952085657,0.11091956072796924,0.012303148952085657,0.11091956072796924
786,0,val,16,0.015114671771341497,0.12294174137103109,0.012194116534034854,0.11042697376110085
786,1,val,14,0.009273561296728211,0.09629933175639492,0.012194116534034854,0.11042697376110085
786,-1,val,30,0.012194116534034854,0.11042697376110085,0.012194116534034854,0.11042697376110085
787,0,val,16,0.01929064801805779,0.1388907772966146,0.011969670320895976,0.10940598850563883
787,1,val,14,0.004648692623734164,0.06818132166315173,0.011969670320895976,0.10940598850563883
787,-1,val,30,0.011969670320895976,0.10940598850563883,0.011969670320895976,0.10940598850563883
788,0,val,16,0.015318970924560726,0.12376983042955471,0.012243712807319,0.11065131181924144
788,1,val,14,0.009168454690077273,0.09575204796805796,0.012243712807319,0.11065131181924144
788,-1,val,30,0.012243712807319,0.11065131181924144,0.012243712807319,0.11065131181924144
789,0,val,16,0.011527287386937252,0.10736520566243633,0.012459972944625863,0.111624248909571
789,1,val,14,0.013392658502314476,0.11572665424315384,0.012459972944625863,0.111624248909571
789,-1,val,30,0.012459972944625863,0.111624248909571,0.012459972944625863,0.111624248909571
790,0,val,16,0.007678140212161966,0.08762499764429078,0.012706657570938695,0.11272381102029284
790,1,val,14,0.017735174929715426,0.13317347682521255,0.012706657570938695,0.11272381102029284
790,-1,val,30,0.012706657570938695,0.11272381102029284,0.012706657570938695,0.11272381102029284
791,0,val,16,0.017430551936362608,0.1320248156081371,0.01204399241027106,0.1097451247676682
791,1,val,14,0.006657432884179513,0.08159309336077113,0.01204399241027106,0.1097451247676682
791,-1,val,30,0.01204399241027106,0.1097451247676682,0.01204399241027106,0.1097451247676682
792,0,val,16,0.013350185380102969,0.11554300229829138,0.012344695240212852,0.1111066840483184
792,1,val,14,0.011339205100322736,0.1064857037368056,0.012344695240212852,0.1111066840483184
792,-1,val,30,0.012344695240212852,0.1111066840483184,0.012344695240212852,0.1111066840483184
793,0,val,16,0.010095723263703543,0.10047747639995515,0.012593405084414627,0.1122203416694791
793,1,val,14,0.015091086905125712,0.12284578505233996,0.012593405084414627,0.1122203416694791
793,-1,val,30,0.012593405084414627,0.1122203416694791,0.012593405084414627,0.1122203416694791
794,0,val,16,0.01612329967207121,0.12697755578081982,0.012135556874443216,0.1101615035955992
794,1,val,14,0.008147814076815224,0.09026524290564572,0.012135556874443216,0.1101615035955992
794,-1,val,30,0.012135556874443216,0.1101615035955992,0.012135556874443216,0.1101615035955992
795,0,val,16,0.010118162045086023,0.10058907517760576,0.012455164902684175,0.1116027101045677
795,1,val,14,0.014792167760282325,0.1216230560390682,0.012455164902684175,0.1116027101045677
795,-1,val,30,0.012455164902684175,0.1116027101045677,0.012455164902684175,0.1116027101045677
796,0,val,16,0.014432527526595365,0.12013545491067724,0.012115300326366714,0.11006952496657153
796,1,val,14,0.009798073126138064,0.09898521670501138,0.012115300326366714,0.11006952496657153
796,-1,val,30,0.012115300326366714,0.11006952496657153,0.012115300326366714,0.11006952496657153
797,0,val,16,0.012199010392408416,0.11044913033794525,0.01222268467003081,0.11055625115763834
797,1,val,14,0.012246358947653203,0.11066326828561139,0.01222268467003081,0.11055625115763834
797,-1,val,30,0.01222268467003081,0.11055625115763834,0.01222268467003081,0.11055625115763834
798,0,val,16,0.012626018234080768,0.11236555626205376,0.012143192851071474,0.11019615624454182
798,1,val,14,0.011660367468062179,0.1079831814129505,0.012143192851071474,0.11019615624454182
798,-1,val,30,0.012143192851071474,0.11019615624454182,0.012143192851071474,0.11019615624454182
799,0,val,16,0.019687521150443445,0.140312227373253,0.01168067680811097,0.10807717986749547
799,1,val,14,0.0036738324657784927,0.060612147840003926,0.01168067680811097,0.10807717986749547
799,-1,val,30,0.01168067680811097,0.10807717986749547,0.01168067680811097,0.10807717986749547
800,0,val,16,0.016527768256270687,0.12856036813991584,0.011976719274134273,0.10943819842328488
800,1,val,14,0.007425670291997858,0.0861723290389546,0.011976719274134273,0.10943819842328488
800,-1,val,30,0.011976719274134273,0.10943819842328488,0.011976719274134273,0.10943819842328488
801,0,val,16,0.011013627230307138,0.104945829980553,0.012384702960093223,0.11128658032347487
801,1,val,14,0.013755778689879308,0.1172850318236701,0.012384702960093223,0.11128658032347487
801,-1,val,30,0.012384702960093223,0.11128658032347487,0.012384702960093223,0.11128658032347487
802,0,val,16,0.009799382655449995,0.0989918312561698,0.012450032075051569,0.11157971175375732
802,1,val,14,0.01510068149465314,0.12288483020557558,0.012450032075051569,0.11157971175375732
802,-1,val,30,0.012450032075051569,0.11157971175375732,0.012450032075051569,0.11157971175375732
803,0,val,16,0.012030773700722142,0.10968488364730183,0.012230166486786154,0.11059008313038811
803,1,val,14,0.012429559272850166,0.11148793330603167,0.012230166486786154,0.11059008313038811
803,-1,val,30,0.012230166486786154,0.11059008313038811,0.012230166486786154,0.11059008313038811
804,0,val,16,0.013321334498734062,0.11541808566569653,0.012153156868376373,0.11024135734095608
804,1,val,14,0.010984979238018685,0.10480925168141735,0.012153156868376373,0.11024135734095608
804,-1,val,30,0.012153156868376373,0.11024135734095608,0.012153156868376373,0.11024135734095608
805,0,val,16,0.007347819668283237,0.0857194241014441,0.012510774837401059,0.11185157503317089
805,1,val,14,0.01767373000651888,0.13294258161521794,0.012510774837401059,0.11185157503317089
805,-1,val,30,0.012510774837401059,0.11185157503317089,0.012510774837401059,0.11185157503317089
806,0,val,16,0.006357199074419444,0.07973204546742448,0.012555946416396426,0.1120533195242177
806,1,val,14,0.01875469375837341,0.13694777748606732,0.012555946416396426,0.1120533195242177
806,-1,val,30,0.012555946416396426,0.1120533195242177,0.012555946416396426,0.1120533195242177
807,0,val,16,0.015817415762080615,0.12576730800204247,0.011823724110613203,0.1087369491507519
807,1,val,14,0.007830032459145793,0.08848747063367668,0.011823724110613203,0.1087369491507519
807,-1,val,30,0.011823724110613203,0.1087369491507519,0.011823724110613203,0.1087369491507519
808,0,val,16,0.013721489626852068,0.11713876227300708,0.012025607180075098,0.1096613294651998
808,1,val,14,0.010329724733298127,0.10163525339811048,0.012025607180075098,0.1096613294651998
808,-1,val,30,0.012025607180075098,0.1096613294651998,0.012025607180075098,0.1096613294651998
809,0,val,16,0.0138559045761474,0.11771110642648551,0.012067009141992876,0.10984993919885835
809,1,val,14,0.010278113707838354,0.10138103228828534,0.012067009141992876,0.10984993919885835
809,-1,val,30,0.012067009141992876,0.10984993919885835,0.012067009141992876,0.10984993919885835
810,0,val,16,0.00884127588345065,0.09402805902203155,0.012436944564447779,0.11152104987152775
810,1,val,14,0.016032613245444905,0.12661995595262582,0.012436944564447779,0.11152104987152775
810,-1,val,30,0.012436944564447779,0.11152104987152775,0.012436944564447779,0.11152104987152775
811,0,val,16,0.014162781990104045,0.119007487117845,0.012088683376419072,0.10994854876904503
811,1,val,14,0.0100145847627341,0.10007289724362986,0.012088683376419072,0.10994854876904503
811,-1,val,30,0.012088683376419072,0.10994854876904503,0.012088683376419072,0.10994854876904503
812,0,val,16,0.012170284465165807,0.11031901225611933,0.012273016168867203,0.11078364576446834
812,1,val,14,0.012375747872568598,0.11124633869286935,0.012273016168867203,0.11078364576446834
812,-1,val,30,0.012273016168867203,0.11078364576446834,0.012273016168867203,0.11078364576446834
813,0,val,16,0.017336091730497116,0.13166659306937775,0.011768343310626565,0.10848199532930138
813,1,val,14,0.006200594890756014,0.07874385620958638,0.011768343310626565,0.10848199532930138
813,-1,val,30,0.011768343310626565,0.10848199532930138,0.011768343310626565,0.10848199532930138
814,0,val,16,0.013539870538703975,0.1163609493717887,0.01197455195151256,0.1094282959362548
814,1,val,14,0.010409233364321145,0.10202565052143085,0.01197455195151256,0.1094282959362548
814,-1,val,30,0.01197455195151256,0.1094282959362548,0.01197455195151256,0.1094282959362548
815,0,val,16,0.010663933365061891,0.10326632251156177,0.012191303293004364,0.11041423501072842
815,1,val,14,0.013718673220946836,0.11712673999111747,0.012191303293004364,0.11041423501072842
815,-1,val,30,0.012191303293004364,0.11041423501072842,0.012191303293004364,0.11041423501072842
816,0,val,16,0.012635685968672612,0.11240856714980674,0.012050847837349402,0.10977635372587942
816,1,val,14,0.01146600970602619,0.10707945510706612,0.012050847837349402,0.10977635372587942
816,-1,val,30,0.012050847837349402,0.10977635372587942,0.012050847837349402,0.10977635372587942
817,0,val,16,0.015429337219832967,0.12421488324606261,0.011818925552853146,0.10871488192907697
817,1,val,14,0.008208513885873323,0.09060084925580622,0.011818925552853146,0.10871488192907697
817,-1,val,30,0.011818925552853146,0.10871488192907697,0.011818925552853146,0.10871488192907697
818,0,val,16,0.013053303908969225,0.11425105648951009,0.011970607661272548,0.10941027219266274
818,1,val,14,0.010887911413575873,0.1043451551993473,0.011970607661272548,0.10941027219266274
818,-1,val,30,0.011970607661272548,0.10941027219266274,0.011970607661272548,0.10941027219266274
819,0,val,16,0.006936732286114787,0.08328704752910135,0.012415809514122716,0.11142625145863391
819,1,val,14,0.017894886742130647,0.13377177109588798,0.012415809514122716,0.11142625145863391
819,-1,val,30,0.012415809514122716,0.11142625145863391,0.012415809514122716,0.11142625145863391
820,0,val,16,0.010916755339251533,0.10448327779722233,0.012122099255594843,0.11010040533801337
820,1,val,14,0.013327443171938153,0.11544454587349787,0.012122099255594843,0.11010040533801337
820,-1,val,30,0.012122099255594843,0.11010040533801337,0.012122099255594843,0.11010040533801337
821,0,val,16,0.008712397975310674,0.093340226994103,0.012310471568364185,0.11095256449656396
821,1,val,14,0.015908545161417695,0.12612908134691894,0.012310471568364185,0.11095256449656396
821,-1,val,30,0.012310471568364185,0.11095256449656396,0.012310471568364185,0.11095256449656396
822,0,val,16,0.012218083831268812,0.11053544151659599,0.012101620073481895,0.11000736372389756
822,1,val,14,0.011985156315694976,0.10947673869683448,0.012101620073481895,0.11000736372389756
822,-1,val,30,0.012101620073481895,0.11000736372389756,0.012101620073481895,0.11000736372389756
823,0,val,16,0.01241010777988619,0.11140066328297238,0.012048187103246476,0.10976423417145713
823,1,val,14,0.01168626642660676,0.10810303615813369,0.012048187103246476,0.10976423417145713
823,-1,val,30,0.012048187103246476,0.10976423417145713,0.012048187103246476,0.10976423417145713
824,0,val,16,0.01840678931122142,0.13567162308759123,0.01164504407377489,0.107912205397605
824,1,val,14,0.004883298836328359,0.06988060414970923,0.01164504407377489,0.107912205397605
824,-1,val,30,0.01164504407377489,0.107912205397605,0.01164504407377489,0.107912205397605
825,0,val,16,0.01630280652714123,0.12768244408352006,0.011771326838760946,0.10849574571733653
825,1,val,14,0.0072398471503806626,0.08508729135646911,0.011771326838760946,0.10849574571733653
825,-1,val,30,0.011771326838760946,0.10849574571733653,0.011771326838760946,0.10849574571733653
826,0,val,16,0.011611269496721043,0.10775560076729675,0.012065603394042378,0.10984354052033454
826,1,val,14,0.012519937291363713,0.11189252562778138,0.012065603394042378,0.10984354052033454
826,-1,val,30,0.012065603394042378,0.10984354052033454,0.012065603394042378,0.10984354052033454
827,0,val,16,0.011928396471068145,0.10921719860474423,0.012047331038557874,0.10976033454102567
827,1,val,14,0.0121662656060476,0.11030079603542126,0.012047331038557874,0.10976033454102567
827,-1,val,30,0.012047331038557874,0.10976033454102567,0.012047331038557874,0.10976033454102567
828,0,val,16,0.01505279175122915,0.12268981926479942,0.01180320278264212,0.10864254591384592
828,1,val,14,0.00855361381405509,0.09248574924849282,0.01180320278264212,0.10864254591384592
828,-1,val,30,0.01180320278264212,0.10864254591384592,0.01180320278264212,0.10864254591384592
829,0,val,16,0.007340948666816163,0.0856793362883733,0.012370435240739549,0.11122245834695234
829,1,val,14,0.017399921814662937,0.13190876322164094,0.012370435240739549,0.11122245834695234
829,-1,val,30,0.012370435240739549,0.11122245834695234,0.012370435240739549,0.11122245834695234
830,0,val,16,0.011123342517042051,0.10546725803320219,0.012101583247461056,0.11000719634397131
830,1,val,14,0.01307982397788006,0.11436705809751364,0.012101583247461056,0.11000719634397131
830,-1,val,30,0.012101583247461056,0.11000719634397131,0.012101583247461056,0.11000719634397131
831,0,val,16,0.014029486202725646,0.11844613207161155,0.011983066400164125,0.10946719325973478
831,1,val,14,0.009936646597602605,0.09968272968575151,0.011983066400164125,0.10946719325973478
831,-1,val,30,0.011983066400164125,0.10946719325973478,0.011983066400164125,0.10946719325973478
832,0,val,16,0.011631344564173727,0.10784871146274176,0.012098634319801477,0.1099937921875661
832,1,val,14,0.01256592407542923,0.11209783260808047,0.012098634319801477,0.1099937921875661
832,-1,val,30,0.012098634319801477,0.1099937921875661,0.012098634319801477,0.1099937921875661
833,0,val,16,0.011912830981947635,0.10914591601130862,0.012021191189235243,0.10964119293967593
833,1,val,14,0.01212955139652285,0.11013424261564997,0.012021191189235243,0.10964119293967593
833,-1,val,30,0.012021191189235243,0.10964119293967593,0.012021191189235243,0.10964119293967593
834,0,val,16,0.015424377663778313,0.12419491802718143,0.011760665038065714,0.10844659993778373
834,1,val,14,0.008096952412353113,0.08998306736466097,0.011760665038065714,0.10844659993778373
834,-1,val,30,0.011760665038065714,0.10844659993778373,0.011760665038065714,0.10844659993778373
835,0,val,16,0.008140841823558582,0.0902266137210002,0.012189763002101247,0.11040725973459013
835,1,val,14,0.016238684180643913,0.12743109581512635,0.012189763002101247,0.11040725973459013
835,-1,val,30,0.012189763002101247,0.11040725973459013,0.012189763002101247,0.11040725973459013
836,0,val,16,0.012692271340869607,0.11265998109741368,0.011841527995757394,0.10881878512351346
836,1,val,14,0.01099078465064518,0.1048369431576731,0.011841527995757394,0.10881878512351346
836,-1,val,30,0.011841527995757394,0.10881878512351346,0.011841527995757394,0.10881878512351346
837,0,val,16,0.013404370057535437,0.11577724326280807,0.011789025084808369,0.10857727701875917
837,1,val,14,0.0101736801120813,0.10086466235546174,0.011789025084808369,0.10857727701875917
837,-1,val,30,0.011789025084808369,0.10857727701875917,0.011789025084808369,0.10857727701875917
838,0,val,16,0.01609269818845658,0.1268569989730822,0.011653701719469396,0.10795231224697967
838,1,val,14,0.0072147052504822114,0.08493942106279163,0.011653701719469396,0.10795231224697967
838,-1,val,30,0.011653701719469396,0.10795231224697967,0.011653701719469396,0.10795231224697967
839,0,val,16,0.013408317402364029,0.11579428916127094,0.011823185214474442,0.10873447114174255
839,1,val,14,0.010238053026584855,0.1011832645578549,0.011823185214474442,0.10873447114174255
839,-1,val,30,0.011823185214474442,0.10873447114174255,0.011823185214474442,0.10873447114174255
840,0,val,16,0.012448100974245032,0.11157105795969235,0.011841319833099703,0.10881782865458997
840,1,val,14,0.011234538691954373,0.10599310681338844,0.011841319833099703,0.10881782865458997
840,-1,val,30,0.011841319833099703,0.10881782865458997,0.011841319833099703,0.10881782865458997
841,0,val,16,0.010027315606118185,0.10013648488996499,0.01201110403901717,0.10959518255387492
841,1,val,14,0.013994892471916156,0.11830001044765869,0.01201110403901717,0.10959518255387492
841,-1,val,30,0.01201110403901717,0.10959518255387492,0.01201110403901717,0.10959518255387492
842,0,val,16,0.014166980415363772,0.11902512514323928,0.011708177831041016,0.1082043336980595
842,1,val,14,0.00924937524671826,0.09617367231585919,0.011708177831041016,0.1082043336980595
842,-1,val,30,0.011708177831041016,0.1082043336980595,0.011708177831041016,0.1082043336980595
843,0,val,16,0.013508896388503017,0.11622777804166703,0.011767859198064615,0.10847976400262224
843,1,val,14,0.010026822007626215,0.10013402023101946,0.011767859198064615,0.10847976400262224
843,-1,val,30,0.011767859198064615,0.10847976400262224,0.011767859198064615,0.10847976400262224
844,0,val,16,0.013873363472836733,0.11778524301811638,0.011728991267429045,0.10830046753098088
844,1,val,14,0.009584619062021356,0.09790106772666658,0.011728991267429045,0.10830046753098088
844,-1,val,30,0.011728991267429045,0.10830046753098088,0.011728991267429045,0.10830046753098088
845,0,val,16,0.0158126323999263,0.12574828984891326,0.011582215862129564,0.10762070368720679
845,1,val,14,0.007351799324332826,0.08574263422786138,0.011582215862129564,0.10762070368720679
845,-1,val,30,0.011582215862129564,0.10762070368720679,0.011582215862129564,0.10762070368720679
846,0,val,16,0.004512073534958934,0.06717196986064153,0.012404961541501227,0.11137756300755206
846,1,val,14,0.02029784954804352,0.14247052168095517,0.012404961541501227,0.11137756300755206
846,-1,val,30,0.012404961541501227,0.11137756300755206,0.012404961541501227,0.11137756300755206
847,0,val,16,0.009113196790510961,0.09546306505927285,0.01211792155207175,0.11008143145904195
847,1,val,14,0.015122646313632537,0.12297416929433813,0.01211792155207175,0.11008143145904195
847,-1,val,30,0.01211792155207175,0.11008143145904195,0.01211792155207175,0.11008143145904195
848,0,val,16,0.008575630215043636,0.09260469866612404,0.01208853081816496,0.10994785499574314
848,1,val,14,0.01560143142128628,0.124905690107722,0.01208853081816496,0.10994785499574314
848,-1,val,30,0.01208853081816496,0.10994785499574314,0.01208853081816496,0.10994785499574314
849,0,val,16,0.011390742730263236,0.10672742257856335,0.011839188848093296,0.10880803668890132
849,1,val,14,0.012287634965923356,0.11084960516809862,0.011839188848093296,0.10880803668890132
849,-1,val,30,0.011839188848093296,0.10880803668890132,0.011839188848093296,0.10880803668890132
850,0,val,16,0.008953441371187804,0.09462262610595737,0.012053953986053075,0.10979050043629948
850,1,val,14,0.015154466600918348,0.12310347923969635,0.012053953986053075,0.10979050043629948
850,-1,val,30,0.012053953986053075,0.10979050043629948,0.012053953986053075,0.10979050043629948
851,0,val,16,0.019073164797773726,0.138105629131378,0.011410074371316494,0.10681794966819244
851,1,val,14,0.003746983944859262,0.06121261262892854,0.011410074371316494,0.10681794966819244
851,-1,val,30,0.011410074371316494,0.10681794966819244,0.011410074371316494,0.10681794966819244
852,0,val,16,0.010580286335381333,0.10286051883682744,0.012031656671265021,0.10968890860640843
852,1,val,14,0.013483027007148709,0.116116437282362,0.012031656671265021,0.10968890860640843
852,-1,val,30,0.012031656671265021,0.10968890860640843,0.012031656671265021,0.10968890860640843
853,0,val,16,0.005160774625771368,0.07183853162315727,0.012380277371791237,0.11126669480033653
853,1,val,14,0.019599780117811105,0.13999921470426577,0.012380277371791237,0.11126669480033653
853,-1,val,30,0.012380277371791237,0.11126669480033653,0.012380277371791237,0.11126669480033653
854,0,val,16,0.007050052636353642,0.08396459156307283,0.012227141942313367,0.11057640771119925
854,1,val,14,0.017404231248273092,0.13192509711299474,0.012227141942313367,0.11057640771119925
854,-1,val,30,0.012227141942313367,0.11057640771119925,0.012227141942313367,0.11057640771119925
855,0,val,16,0.010734781502954772,0.10360879066447388,0.011937373880914537,0.10925828975832698
855,1,val,14,0.013139966258874303,0.11462969187289261,0.011937373880914537,0.10925828975832698
855,-1,val,30,0.011937373880914537,0.10925828975832698,0.011937373880914537,0.10925828975832698
856,0,val,16,0.015410719802320168,0.1241399202606485,0.011543705431648042,0.10744163732765823
856,1,val,14,0.007676691060975914,0.08761672820287182,0.011543705431648042,0.10744163732765823
856,-1,val,30,0.011543705431648042,0.10744163732765823,0.011543705431648042,0.10744163732765823
857,0,val,16,0.017148080471994457,0.1309506795400255,0.01139527507880804,0.10674865375642
857,1,val,14,0.005642469685621622,0.07511637428431714,0.01139527507880804,0.10674865375642
857,-1,val,30,0.01139527507880804,0.10674865375642,0.01139527507880804,0.10674865375642
858,0,val,16,0.015736365360316057,0.12544467051380084,0.011550273712849156,0.10747219972090065
858,1,val,14,0.007364182065382256,0.08581481262219394,0.011550273712849156,0.10747219972090065
858,-1,val,30,0.011550273712849156,0.10747219972090065,0.011550273712849156,0.10747219972090065
859,0,val,16,0.009414510920332316,0.09702840264753572,0.012031616968969368,0.10968872762945775
859,1,val,14,0.01464872301760642,0.1210319090884979,0.012031616968969368,0.10968872762945775
859,-1,val,30,0.012031616968969368,0.10968872762945775,0.012031616968969368,0.10968872762945775
860,0,val,16,0.0119685570242482,0.10940090047274839,0.011801225914398555,0.10863344749384765
860,1,val,14,0.01163389480454891,0.10786053404535373,0.011801225914398555,0.10863344749384765
860,-1,val,30,0.011801225914398555,0.10863344749384765,0.011801225914398555,0.10863344749384765
861,0,val,16,0.015359475246866455,0.12393335001873569,0.01146191484788501,0.10706033274693766
861,1,val,14,0.007564354448903565,0.08697329733259264,0.01146191484788501,0.10706033274693766
861,-1,val,30,0.01146191484788501,0.10706033274693766,0.01146191484788501,0.10706033274693766
862,0,val,16,0.00584729526353082,0.07646760924424681,0.012120339599170365,0.11009241390382157
862,1,val,14,0.01839338393480991,0.13562221033005586,0.012120339599170365,0.11009241390382157
862,-1,val,30,0.012120339599170365,0.11009241390382157,0.012120339599170365,0.11009241390382157
863,0,val,16,0.016560326205944456,0.12868693098347034,0.011305265524004706,0.10632622218439206
863,1,val,14,0.006050204842064956,0.07778306269403999,0.011305265524004706,0.10632622218439206
863,-1,val,30,0.011305265524004706,0.10632622218439206,0.011305265524004706,0.10632622218439206
864,0,val,16,0.009409149546671677,0.09700077085606937,0.011810285546862313,0.10867513766663611
864,1,val,14,0.014211421547052948,0.11921166699217384,0.011810285546862313,0.10867513766663611
864,-1,val,30,0.011810285546862313,0.10867513766663611,0.011810285546862313,0.10867513766663611
865,0,val,16,0.013942768527593602,0.11807950087798307,0.011570941480356839,0.10756831076277455
865,1,val,14,0.009199114433120076,0.09591201401868317,0.011570941480356839,0.10756831076277455
865,-1,val,30,0.011570941480356839,0.10756831076277455,0.011570941480356839,0.10756831076277455
866,0,val,16,0.006773641127712136,0.08230213319053241,0.01204464383535277,0.10974809262740182
866,1,val,14,0.017315646542993404,0.1315889301688915,0.01204464383535277,0.10974809262740182
866,-1,val,30,0.01204464383535277,0.10974809262740182,0.01204464383535277,0.10974809262740182
867,0,val,16,0.012474753268590377,0.11169043499149951,0.011707334644378864,0.1082004373576136
867,1,val,14,0.010939916020167351,0.10459405346465617,0.011707334644378864,0.1082004373576136
867,-1,val,30,0.011707334644378864,0.1082004373576136,0.011707334644378864,0.1082004373576136
868,0,val,16,0.008711155947758675,0.0933335735293505,0.012075346742536998,0.10988788260102657
868,1,val,14,0.015439537537315319,0.12425593562206724,0.012075346742536998,0.10988788260102657
868,-1,val,30,0.012075346742536998,0.10988788260102657,0.012075346742536998,0.10988788260102657
869,0,val,16,0.010364293522440544,0.10180517434020996,0.011936589246636504,0.1092546989682206
869,1,val,14,0.013508884970832465,0.11622772892400705,0.011936589246636504,0.1092546989682206
869,-1,val,30,0.011936589246636504,0.1092546989682206,0.011936589246636504,0.1092546989682206
870,0,val,16,0.01101972322341323,0.10497486948509738,0.011811593190673495,0.10868115379712112
870,1,val,14,0.01260346315793376,0.11226514667488642,0.011811593190673495,0.10868115379712112
870,-1,val,30,0.011811593190673495,0.10868115379712112,0.011811593190673495,0.10868115379712112
871,0,val,16,0.01780097900309393,0.13342030956002887,0.011297263172268382,0.10628858439300234
871,1,val,14,0.004793547341442834,0.06923544858988662,0.011297263172268382,0.10628858439300234
871,-1,val,30,0.011297263172268382,0.10628858439300234,0.011297263172268382,0.10628858439300234
872,0,val,16,0.010569979346877421,0.10281040485708351,0.011878731954387873,0.10898959562448093
872,1,val,14,0.013187484561898324,0.114836773560991,0.011878731954387873,0.10898959562448093
872,-1,val,30,0.011878731954387873,0.10898959562448093,0.011878731954387873,0.10898959562448093
873,0,val,16,0.011893826500828819,0.10905882128846259,0.011773761816561774,0.10850696667293659
873,1,val,14,0.011653697132294727,0.10795229100067644,0.011773761816561774,0.10850696667293659
873,-1,val,30,0.011773761816561774,0.10850696667293659,0.011773761816561774,0.10850696667293659
874,0,val,16,0.011204917412390126,0.10585328248283152,0.011866310456110299,0.10893259593028295
874,1,val,14,0.012527703499830472,0.11192722412277753,0.011866310456110299,0.10893259593028295
874,-1,val,30,0.011866310456110299,0.10893259593028295,0.011866310456110299,0.10893259593028295
875,0,val,16,0.008131823956878649,0.0901766264443212,0.012060657793699225,0.10982102619125003
875,1,val,14,0.0159894916305198,0.12644956160667303,0.012060657793699225,0.10982102619125003
875,-1,val,30,0.012060657793699225,0.10982102619125003,0.012060657793699225,0.10982102619125003
876,0,val,16,0.006297850749446601,0.0793589991711501,0.012081337071654649,0.10991513577144255
876,1,val,14,0.017864823393862694,0.1336593558037098,0.012081337071654649,0.10991513577144255
876,-1,val,30,0.012081337071654649,0.10991513577144255,0.012081337071654649,0.10991513577144255
877,0,val,16,0.01321363766960611,0.11495058794806623,0.011544339681144858,0.1074445888872253
877,1,val,14,0.009875041692683606,0.09937324435019522,0.011544339681144858,0.1074445888872253
877,-1,val,30,0.011544339681144858,0.1074445888872253,0.011544339681144858,0.1074445888872253
878,0,val,16,0.01708060079991198,0.1306927725618826,0.011336318172345936,0.10647214740177798
878,1,val,14,0.005592035544779894,0.07477991404635267,0.011336318172345936,0.10647214740177798
878,-1,val,30,0.011336318172345936,0.10647214740177798,0.011336318172345936,0.10647214740177798
879,0,val,16,0.007216246730548858,0.08494849457494145,0.01203206088696573,0.10969075114596367
879,1,val,14,0.016847875043382605,0.1297993645723376,0.01203206088696573,0.10969075114596367
879,-1,val,30,0.01203206088696573,0.10969075114596367,0.01203206088696573,0.10969075114596367
880,0,val,16,0.00843912384694498,0.09186470403231581,0.01183241188127132,0.10877689038243059
880,1,val,14,0.015225699915597662,0.12339246296106444,0.01183241188127132,0.10877689038243059
880,-1,val,30,0.01183241188127132,0.10877689038243059,0.01183241188127132,0.10877689038243059
881,0,val,16,0.015717820463833913,0.12537073208621666,0.011338139899560831,0.10648070200539077
881,1,val,14,0.00695845933528775,0.08341738029504253,0.011338139899560831,0.10648070200539077
881,-1,val,30,0.011338139899560831,0.10648070200539077,0.011338139899560831,0.10648070200539077
882,0,val,16,0.015061320939055212,0.12272457349306704,0.011443705350071793,0.10697525578409146
882,1,val,14,0.007826089761088376,0.08846518954418385,0.011443705350071793,0.10697525578409146
882,-1,val,30,0.011443705350071793,0.10697525578409146,0.011443705350071793,0.10697525578409146
883,0,val,16,0.005917280002231094,0.07692385847207026,0.012135147885690182,0.1101596472656398
883,1,val,14,0.01835301576914927,0.1354733027911746,0.012135147885690182,0.1101596472656398
883,-1,val,30,0.012135147885690182,0.1101596472656398,0.012135147885690182,0.1101596472656398
884,0,val,16,0.009528144668810447,0.09761221577656377,0.0118626993756191,0.10891601983004658
884,1,val,14,0.014197254082427752,0.11915223070688921,0.0118626993756191,0.10891601983004658
884,-1,val,30,0.0118626993756191,0.10891601983004658,0.0118626993756191,0.10891601983004658
885,0,val,16,0.017255980415768615,0.13136202044643122,0.011309375474659078,0.10634554750744893
885,1,val,14,0.005362770533549541,0.07323093972870716,0.011309375474659078,0.10634554750744893
885,-1,val,30,0.011309375474659078,0.10634554750744893,0.011309375474659078,0.10634554750744893
886,0,val,16,0.015349751437597526,0.1238941138133589,0.01135215414878232,0.1065464882048316
886,1,val,14,0.007354556859967114,0.08575871302653226,0.01135215414878232,0.1065464882048316
886,-1,val,30,0.01135215414878232,0.1065464882048316,0.01135215414878232,0.1065464882048316
887,0,val,16,0.01658049687635895,0.12876527822498948,0.011296648181332861,0.10628569132923237
887,1,val,14,0.006012799486306772,0.07754224323752036,0.011296648181332861,0.10628569132923237
887,-1,val,30,0.011296648181332861,0.10628569132923237,0.011296648181332861,0.10628569132923237
888,0,val,16,0.00769826924339357,0.08773978141865621,0.011966717047721254,0.10939249081962278
888,1,val,14,0.016235164852048938,0.1274172863156681,0.011966717047721254,0.10939249081962278
888,-1,val,30,0.011966717047721254,0.10939249081962278,0.011966717047721254,0.10939249081962278
889,0,val,16,0.013886065817871916,0.11783915231310821,0.011559251961226194,0.10751396170370708
889,1,val,14,0.009232438104580472,0.09608557698520873,0.011559251961226194,0.10751396170370708
889,-1,val,30,0.011559251961226194,0.10751396170370708,0.011559251961226194,0.10751396170370708
890,0,val,16,0.011612670592345416,0.107762101837081,0.011751187784916434,0.10840289564820874
890,1,val,14,0.011889704977487451,0.10903992377788721,0.011751187784916434,0.10840289564820874
890,-1,val,30,0.011751187784916434,0.10840289564820874,0.011751187784916434,0.10840289564820874
891,0,val,16,0.010770877843393057,0.10378283983102918,0.011664439287367285,0.1080020337186633
891,1,val,14,0.012558000731341511,0.11206248583420551,0.011664439287367285,0.1080020337186633
891,-1,val,30,0.011664439287367285,0.1080020337186633,0.011664439287367285,0.1080020337186633
892,0,val,16,0.013437487904994664,0.11592017902416586,0.011483282403154065,0.10716007840214595
892,1,val,14,0.009529076901313466,0.09761699084336428,0.011483282403154065,0.10716007840214595
892,-1,val,30,0.011483282403154065,0.10716007840214595,0.011483282403154065,0.10716007840214595
893,0,val,16,0.012996503785439767,0.1140022095638491,0.011412087552401386,0.10682737267386756
893,1,val,14,0.009827671319363008,0.099134612115865,0.011412087552401386,0.10682737267386756
893,-1,val,30,0.011412087552401386,0.10682737267386756,0.011412087552401386,0.10682737267386756
894,0,val,16,0.018252327582828666,0.13510117535694746,0.011027413318426355,0.10501149136369008
894,1,val,14,0.0038024990540240413,0.06166440670292743,0.011027413318426355,0.10501149136369008
894,-1,val,30,0.011027413318426355,0.10501149136369008,0.011027413318426355,0.10501149136369008
895,0,val,16,0.008168248101733826,0.09037836080464076,0.01176362970998723,0.10846026788638884
895,1,val,14,0.015359011318240632,0.12393147831862829,0.01176362970998723,0.10846026788638884
895,-1,val,30,0.01176362970998723,0.10846026788638884,0.01176362970998723,0.10846026788638884
896,0,val,16,0.013096321014117052,0.11443915856959563,0.011480244012090801,0.10714590058462713
896,1,val,14,0.009864167010064552,0.09931851292717059,0.011480244012090801,0.10714590058462713
896,-1,val,30,0.011480244012090801,0.10714590058462713,0.011480244012090801,0.10714590058462713
897,0,val,16,0.01055249573561082,0.10272534125331889,0.011754436163613331,0.10841787750926196
897,1,val,14,0.01295637659161584,0.11382608045441889,0.011754436163613331,0.10841787750926196
897,-1,val,30,0.011754436163613331,0.10841787750926196,0.011754436163613331,0.10841787750926196
898,0,val,16,0.010404251528656452,0.10200123297615794,0.011710269693266533,0.10821399952532267
898,1,val,14,0.013016287857876613,0.11408894713282533,0.011710269693266533,0.10821399952532267
898,-1,val,30,0.011710269693266533,0.10821399952532267,0.011710269693266533,0.10821399952532267
899,0,val,16,0.015050463187630226,0.12268032926117466,0.011362245721844744,0.10659383529006142
899,1,val,14,0.007674028256059262,0.08760153112850974,0.011362245721844744,0.10659383529006142
899,-1,val,30,0.011362245721844744,0.10659383529006142,0.011362245721844744,0.10659383529006142
900,0,val,16,0.005697816279331841,0.07548388092388891,0.012015738776502437,0.10961632531928096
900,1,val,14,0.018333661273673033,0.13540185107181155,0.012015738776502437,0.10961632531928096
900,-1,val,30,0.012015738776502437,0.10961632531928096,0.012015738776502437,0.10961632531928096
901,0,val,16,0.0117073261003149,0.10820039787503047,0.011591956094247406,0.10766594677170403
901,1,val,14,0.01147658608817991,0.10712882939797257,0.011591956094247406,0.10766594677170403
901,-1,val,30,0.011591956094247406,0.10766594677170403,0.011591956094247406,0.10766594677170403
902,0,val,16,0.015473919883239467,0.12439421161468675,0.011217715108279626,0.10591371539267058
902,1,val,14,0.006961510333319786,0.08343566583494007,0.011217715108279626,0.10591371539267058
902,-1,val,30,0.011217715108279626,0.10591371539267058,0.011217715108279626,0.10591371539267058
903,0,val,16,0.009088818952564123,0.09533529751652388,0.011681169869157869,0.10807946090334587
903,1,val,14,0.014273520785751614,0.11947184097414593,0.011681169869157869,0.10807946090334587
903,-1,val,30,0.011681169869157869,0.10807946090334587,0.011681169869157869,0.10807946090334587
904,0,val,16,0.014164993046335356,0.11901677632306866,0.011278609459579947,0.10620079782930045
904,1,val,14,0.008392225872824538,0.09160909274097488,0.011278609459579947,0.10620079782930045
904,-1,val,30,0.011278609459579947,0.10620079782930045,0.011278609459579947,0.10620079782930045
905,0,val,16,0.008295993391171482,0.09108234401447672,0.011711329849628409,0.1082188978396491
905,1,val,14,0.015126666308085337,0.12299051308164112,0.011711329849628409,0.1082188978396491
905,-1,val,30,0.011711329849628409,0.1082188978396491,0.011711329849628409,0.1082188978396491
906,0,val,16,0.013894115006042845,0.11787330064965028,0.01134827088905977,0.10652826333447744
906,1,val,14,0.008802426772076696,0.09382124904346933,0.01134827088905977,0.10652826333447744
906,-1,val,30,0.01134827088905977,0.10652826333447744,0.01134827088905977,0.10652826333447744
907,0,val,16,0.013642474541537126,0.1168010040262374,0.011315713390102783,0.10637534202108487
907,1,val,14,0.00898895223866844,0.09481008511054317,0.011315713390102783,0.10637534202108487
907,-1,val,30,0.011315713390102783,0.10637534202108487,0.011315713390102783,0.10637534202108487
908,0,val,16,0.011519943350991078,0.1073309990216763,0.011462218933424358,0.10706175289721516
908,1,val,14,0.01140449451585764,0.10679182794510843,0.011462218933424358,0.10706175289721516
908,-1,val,30,0.011462218933424358,0.10706175289721516,0.011462218933424358,0.10706175289721516
909,0,val,16,0.011254844107688722,0.10608885006299541,0.011458549318722826,0.10704461368384131
909,1,val,14,0.01166225452975693,0.10799191881690468,0.011458549318722826,0.10704461368384131
909,-1,val,30,0.011458549318722826,0.10704461368384131,0.011458549318722826,0.10704461368384131
910,0,val,16,0.013275634136207113,0.11521993810190627,0.011329206952843337,0.10643874742237122
910,1,val,14,0.009382779769479559,0.09686474988084963,0.011329206952843337,0.10643874742237122
910,-1,val,30,0.011329206952843337,0.10643874742237122,0.011329206952843337,0.10643874742237122
911,0,val,16,0.01452099454609839,0.12050308936329554,0.011314454848599999,0.10636942628688001
911,1,val,14,0.008107915151101609,0.09004396232453128,0.011314454848599999,0.10636942628688001
911,-1,val,30,0.011314454848599999,0.10636942628688001,0.011314454848599999,0.10636942628688001
912,0,val,16,0.00985816839713716,0.09928830946862355,0.011636204934993719,0.10787124239107343
912,1,val,14,0.013414241472850278,0.11581986648606654,0.011636204934993719,0.10787124239107343
912,-1,val,30,0.011636204934993719,0.10787124239107343,0.011636204934993719,0.10787124239107343
913,0,val,16,0.01701856430911124,0.1304552195548773,0.011091250346374286,0.1053150053239057
913,1,val,14,0.005163936383637332,0.07186053425655373,0.011091250346374286,0.1053150053239057
913,-1,val,30,0.011091250346374286,0.1053150053239057,0.011091250346374286,0.1053150053239057
914,0,val,16,0.012234919204712907,0.11061156903648418,0.011476082390393097,0.10712647847471277
914,1,val,14,0.010717245576073287,0.1035241304048157,0.011476082390393097,0.10712647847471277
914,-1,val,30,0.011476082390393097,0.10712647847471277,0.011476082390393097,0.10712647847471277
915,0,val,16,0.014441150877298765,0.12017133966673903,0.011188743194289877,0.10577685566460121
915,1,val,14,0.00793633551128099,0.08908611289803249,0.011188743194289877,0.10577685566460121
915,-1,val,30,0.011188743194289877,0.10577685566460121,0.011188743194289877,0.10577685566460121
916,0,val,16,0.015504418192467673,0.12451673860356154,0.01116121696313927,0.10564666091807762
916,1,val,14,0.0068180157338108656,0.08257127668754351,0.01116121696313927,0.10564666091807762
916,-1,val,30,0.01116121696313927,0.10564666091807762,0.01116121696313927,0.10564666091807762
917,0,val,16,0.006742012447117922,0.08210975853769101,0.011764463026889308,0.10846410939517877
917,1,val,14,0.016786913606660694,0.12956432227531117,0.011764463026889308,0.10846410939517877
917,-1,val,30,0.011764463026889308,0.10846410939517877,0.011764463026889308,0.10846410939517877
918,0,val,16,0.012949393198464993,0.11379540060329764,0.011278663220286402,0.10620105093776804
918,1,val,14,0.00960793324210781,0.09802006550756744,0.011278663220286402,0.10620105093776804
918,-1,val,30,0.011278663220286402,0.10620105093776804,0.011278663220286402,0.10620105093776804
919,0,val,16,0.005712364123007482,0.07558018340152055,0.011847886210177613,0.10884799589417167
919,1,val,14,0.017983408297347746,0.13410223076946837,0.011847886210177613,0.10884799589417167
919,-1,val,30,0.011847886210177613,0.10884799589417167,0.011847886210177613,0.10884799589417167
920,0,val,16,0.013537707238560065,0.11635165335550701,0.011290903943221263,0.10625866526180941
920,1,val,14,0.009044100647882459,0.09510047659124773,0.011290903943221263,0.10625866526180941
920,-1,val,30,0.011290903943221263,0.10625866526180941,0.011290903943221263,0.10625866526180941
921,0,val,16,0.0087951290797449,0.09378234951068831,0.011667742931659248,0.10801732699738152
921,1,val,14,0.014540356783573597,0.12058340177476168,0.011667742931659248,0.10801732699738152
921,-1,val,30,0.011667742931659248,0.10801732699738152,0.011667742931659248,0.10801732699738152
922,0,val,16,0.01418455388355253,0.11909892477916217,0.01130302834581625,0.10631570131366416
922,1,val,14,0.00842150280807997,0.09176874635778769,0.01130302834581625,0.10631570131366416
922,-1,val,30,0.01130302834581625,0.10631570131366416,0.01130302834581625,0.10631570131366416
923,0,val,16,0.010406267261934065,0.10201111342365628,0.011627099009516894,0.10782902674844512
923,1,val,14,0.012847930757099724,0.11334871308091558,0.011627099009516894,0.10782902674844512
923,-1,val,30,0.011627099009516894,0.10782902674844512,0.011627099009516894,0.10782902674844512
924,0,val,16,0.009089109732252985,0.0953368225412038,0.011688775528213452,0.10811464067467205
924,1,val,14,0.01428844132417392,0.11953426840941438,0.011688775528213452,0.10811464067467205
924,-1,val,30,0.011688775528213452,0.10811464067467205,0.011688775528213452,0.10811464067467205
925,0,val,16,0.006718720867693369,0.08196780384817791,0.011793903288967528,0.1085997388991683
925,1,val,14,0.016869085710241687,0.12988104446085152,0.011793903288967528,0.1085997388991683
925,-1,val,30,0.011793903288967528,0.1085997388991683,0.011793903288967528,0.1085997388991683
926,0,val,16,0.011264855041673367,0.10613602141437829,0.01144747208748799,0.10699285998368298
926,1,val,14,0.011630089133302613,0.10784289097248188,0.01144747208748799,0.10699285998368298
926,-1,val,30,0.01144747208748799,0.10699285998368298,0.01144747208748799,0.10699285998368298
927,0,val,16,0.01025930121206472,0.10128820865265967,0.011514434460468197,0.10730533286127114
927,1,val,14,0.012769567708871674,0.11300251195823778,0.011514434460468197,0.10730533286127114
927,-1,val,30,0.011514434460468197,0.10730533286127114,0.011514434460468197,0.10730533286127114
928,0,val,16,0.007385368615546488,0.08593816739695168,0.011714486726556105,0.10823348246525243
928,1,val,14,0.01604360483756572,0.1266633523856278,0.011714486726556105,0.10823348246525243
928,-1,val,30,0.011714486726556105,0.10823348246525243,0.011714486726556105,0.10823348246525243
929,0,val,16,0.00793146926131215,0.08905879665317823,0.011663566627142807,0.10799799362554291
929,1,val,14,0.015395663992973464,0.12407926495983712,0.011663566627142807,0.10799799362554291
929,-1,val,30,0.011663566627142807,0.10799799362554291,0.011663566627142807,0.10799799362554291
930,0,val,16,0.01057259317263578,0.10282311594498476,0.011482262228457094,0.10715531824625922
930,1,val,14,0.012391931284278405,0.11131905175790173,0.011482262228457094,0.10715531824625922
930,-1,val,30,0.011482262228457094,0.10715531824625922,0.011482262228457094,0.10715531824625922
931,0,val,16,0.00980961474948796,0.09904349927929627,0.011487713457878721,0.10718075134033499
931,1,val,14,0.01316581216626948,0.11474237302003772,0.011487713457878721,0.10718075134033499
931,-1,val,30,0.011487713457878721,0.10718075134033499,0.011487713457878721,0.10718075134033499
932,0,val,16,0.007968192044123428,0.08926473012407211,0.011626236827567655,0.10782502876219258
932,1,val,14,0.01528428161101188,0.1236296146196852,0.011626236827567655,0.10782502876219258
932,-1,val,30,0.011626236827567655,0.10782502876219258,0.011626236827567655,0.10782502876219258
933,0,val,16,0.011952206569294629,0.10932614769255627,0.011294009484943551,0.10627327737932783
933,1,val,14,0.010635812400592474,0.1031300751507167,0.011294009484943551,0.10627327737932783
933,-1,val,30,0.011294009484943551,0.10627327737932783,0.011294009484943551,0.10627327737932783
934,0,val,16,0.008886684566611385,0.09426921324913763,0.011517174761537836,0.10731810081033784
934,1,val,14,0.014147664956464287,0.11894395720869677,0.011517174761537836,0.10731810081033784
934,-1,val,30,0.011517174761537836,0.10731810081033784,0.011517174761537836,0.10731810081033784
935,0,val,16,0.0074387981484452595,0.08624846751360432,0.011592639491430176,0.10766912041727737
935,1,val,14,0.015746480834415093,0.12548498250553766,0.011592639491430176,0.10766912041727737
935,-1,val,30,0.011592639491430176,0.10766912041727737,0.011592639491430176,0.10766912041727737
936,0,val,16,0.011006728121404971,0.10491295497413544,0.011302163231641705,0.10631163262616987
936,1,val,14,0.011597598341878438,0.10769214614761115,0.011302163231641705,0.10631163262616987
936,-1,val,30,0.011302163231641705,0.10631163262616987,0.011302163231641705,0.10631163262616987
937,0,val,16,0.009903209777084015,0.0995148721402184,0.011456476519282999,0.1070349313041448
937,1,val,14,0.013009743261481984,0.11406026153521648,0.011456476519282999,0.1070349313041448
937,-1,val,30,0.011456476519282999,0.1070349313041448,0.011456476519282999,0.1070349313041448
938,0,val,16,0.015430152816983405,0.12421816621164315,0.0110075068099941,0.1049166660259184
938,1,val,14,0.006584860803004796,0.08114715523667355,0.0110075068099941,0.1049166660259184
938,-1,val,30,0.0110075068099941,0.1049166660259184,0.0110075068099941,0.1049166660259184
939,0,val,16,0.015044023425829478,0.12265408034724926,0.011089299732882012,0.10530574406404435
939,1,val,14,0.007134576039934545,0.08446641959935644,0.011089299732882012,0.10530574406404435
939,-1,val,30,0.011089299732882012,0.10530574406404435,0.011089299732882012,0.10530574406404435
940,0,val,16,0.015051577545860121,0.1226848708922992,0.011153245666311047,0.10560892796686769
940,1,val,14,0.007254913786761974,0.08517578169152294,0.011153245666311047,0.10560892796686769
940,-1,val,30,0.011153245666311047,0.10560892796686769,0.011153245666311047,0.10560892796686769
941,0,val,16,0.011744135846484672,0.1083703642444957,0.011315246785606187,0.10637314879990245
941,1,val,14,0.010886357724727702,0.1043377099841074,0.011315246785606187,0.10637314879990245
941,-1,val,30,0.011315246785606187,0.10637314879990245,0.011315246785606187,0.10637314879990245
942,0,val,16,0.012911528344212896,0.11362890628802556,0.011208932455292257,0.10587224591597298
942,1,val,14,0.009506336566371619,0.09750044392910023,0.011208932455292257,0.10587224591597298
942,-1,val,30,0.011208932455292257,0.10587224591597298,0.011208932455292257,0.10587224591597298
943,0,val,16,0.005851112831241938,0.07649256716336521,0.011666658514413638,0.10801230723585918
943,1,val,14,0.017482204197585338,0.13222028663403107,0.011666658514413638,0.10801230723585918
943,-1,val,30,0.011666658514413638,0.10801230723585918,0.011666658514413638,0.10801230723585918
944,0,val,16,0.013777770363048647,0.11737874749309879,0.011138925466833868,0.10554110794772749
944,1,val,14,0.008500080570619087,0.09219588152742554,0.011138925466833868,0.10554110794772749
944,-1,val,30,0.011138925466833868,0.10554110794772749,0.011138925466833868,0.10554110794772749
945,0,val,16,0.01475978122192532,0.1214898399946486,0.011093914194111033,0.10532765161205786
945,1,val,14,0.007428047166296747,0.08618611933656573,0.011093914194111033,0.10532765161205786
945,-1,val,30,0.011093914194111033,0.10532765161205786,0.011093914194111033,0.10532765161205786
946,0,val,16,0.011965956234760603,0.10938901331834291,0.0112068358444537,0.10586234384545667
946,1,val,14,0.010447715454146796,0.10221406681150494,0.0112068358444537,0.10586234384545667
946,-1,val,30,0.0112068358444537,0.10586234384545667,0.0112068358444537,0.10586234384545667
947,0,val,16,0.00937034363545795,0.09680053530563738,0.011347698846739515,0.1065255783684816
947,1,val,14,0.013325054058021082,0.11543419795719587,0.011347698846739515,0.1065255783684816
947,-1,val,30,0.011347698846739515,0.1065255783684816,0.011347698846739515,0.1065255783684816
948,0,val,16,0.007825870508261014,0.08846395033153909,0.01147935448261974,0.10714174948459512
948,1,val,14,0.015132838456978465,0.12301560249406766,0.01147935448261974,0.10714174948459512
948,-1,val,30,0.01147935448261974,0.10714174948459512,0.01147935448261974,0.10714174948459512
949,0,val,16,0.008881587397646447,0.09424217419842587,0.011384975597848908,0.1067004011138145
949,1,val,14,0.01388836379805137,0.11784890240494975,0.011384975597848908,0.1067004011138145
949,-1,val,30,0.011384975597848908,0.1067004011138145,0.011384975597848908,0.1067004011138145
950,0,val,16,0.017534083328272984,0.13241632576186738,0.010727350282090046,0.10357292253330523
950,1,val,14,0.003920617235907106,0.06261483239542454,0.010727350282090046,0.10357292253330523
950,-1,val,30,0.010727350282090046,0.10357292253330523,0.010727350282090046,0.10357292253330523
951,0,val,16,0.010571455214804279,0.10281758222601949,0.011287943852210894,0.10624473564469392
951,1,val,14,0.012004432489617509,0.10956474108771265,0.011287943852210894,0.10624473564469392
951,-1,val,30,0.011287943852210894,0.10624473564469392,0.011287943852210894,0.10624473564469392
952,0,val,16,0.014647047366483396,0.12102498653783604,0.010940648815794844,0.10459755645231318
952,1,val,14,0.007234250265106293,0.08505439591876655,0.010940648815794844,0.10459755645231318
952,-1,val,30,0.010940648815794844,0.10459755645231318,0.010940648815794844,0.10459755645231318
953,0,val,16,0.008406572364267761,0.09168736207497608,0.011434709406282266,0.10693320067351518
953,1,val,14,0.01446284644829677,0.12026157511149091,0.011434709406282266,0.10693320067351518
953,-1,val,30,0.011434709406282266,0.10693320067351518,0.011434709406282266,0.10693320067351518
954,0,val,16,0.00948913586792365,0.0974121956837215,0.011342928228125262,0.10650318412200295
954,1,val,14,0.013196720588326874,0.1148769802368032,0.011342928228125262,0.10650318412200295
954,-1,val,30,0.011342928228125262,0.10650318412200295,0.011342928228125262,0.10650318412200295
955,0,val,16,0.01207637118832077,0.10989254382496007,0.01123595617922495,0.10599979329802936
955,1,val,14,0.01039554117012913,0.10195852671615617,0.01123595617922495,0.10599979329802936
955,-1,val,30,0.01123595617922495,0.10599979329802936,0.01123595617922495,0.10599979329802936
956,0,val,16,0.012901402564859896,0.1135843411956943,0.011210373117692227,0.10587904947482399
956,1,val,14,0.009519343670524556,0.09756712392258242,0.011210373117692227,0.10587904947482399
956,-1,val,30,0.011210373117692227,0.10587904947482399,0.011210373117692227,0.10587904947482399
957,0,val,16,0.009015311257742731,0.09494899292642725,0.011476850987395176,0.1071300657490472
957,1,val,14,0.01393839071704762,0.11806096186736588,0.011476850987395176,0.1071300657490472
957,-1,val,30,0.011476850987395176,0.1071300657490472,0.011476850987395176,0.1071300657490472
958,0,val,16,0.011630166218636448,0.10784324836834454,0.01119953216300504,0.10582784209746053
958,1,val,14,0.010768898107373632,0.10377330151524347,0.01119953216300504,0.10582784209746053
958,-1,val,30,0.01119953216300504,0.10582784209746053,0.01119953216300504,0.10582784209746053
959,0,val,16,0.014811578562116689,0.12170282889940023,0.010927842371885906,0.10453632082623678
959,1,val,14,0.007044106181655122,0.08392917360283683,0.010927842371885906,0.10453632082623678
959,-1,val,30,0.010927842371885906,0.10453632082623678,0.010927842371885906,0.10453632082623678
960,0,val,16,0.0066074397005890986,0.08128615934209894,0.011573416310524252,0.10757981367582048
960,1,val,14,0.016539392920459407,0.1286055711097284,0.011573416310524252,0.10757981367582048
960,-1,val,30,0.011573416310524252,0.10757981367582048,0.011573416310524252,0.10757981367582048
961,0,val,16,0.01486481499768758,0.12192134758805605,0.010973259195813828,0.10475332546422489
961,1,val,14,0.007081703393940074,0.08415285731298774,0.010973259195813828,0.10475332546422489
961,-1,val,30,0.010973259195813828,0.10475332546422489,0.010973259195813828,0.10475332546422489
962,0,val,16,0.014408308114759776,0.12003461215316096,0.010974346243461362,0.10475851394259734
962,1,val,14,0.007540384372162946,0.08683538663565071,0.010974346243461362,0.10475851394259734
962,-1,val,30,0.010974346243461362,0.10475851394259734,0.010974346243461362,0.10475851394259734
963,0,val,16,0.014933541919254601,0.12220287197629441,0.010902933828925434,0.10441711463608556
963,1,val,14,0.006872325738596265,0.08289949178732199,0.010902933828925434,0.10441711463608556
963,-1,val,30,0.010902933828925434,0.10441711463608556,0.010902933828925434,0.10441711463608556
964,0,val,16,0.011465277599686994,0.10707603653332988,0.011096008441213126,0.10533759272554659
964,1,val,14,0.010726739282739258,0.10356997288181193,0.011096008441213126,0.10533759272554659
964,-1,val,30,0.011096008441213126,0.10533759272554659,0.011096008441213126,0.10533759272554659
965,0,val,16,0.011211800738371394,0.1058857910126349,0.011121884500387525,0.10546034562994532
965,1,val,14,0.011031968262403656,0.10503317696044262,0.011121884500387525,0.10546034562994532
965,-1,val,30,0.011121884500387525,0.10546034562994532,0.011121884500387525,0.10546034562994532
966,0,val,16,0.017737228471841428,0.1331811866287481,0.010675399935955744,0.10332182700647402
966,1,val,14,0.003613571400070059,0.06011298861369362,0.010675399935955744,0.10332182700647402
966,-1,val,30,0.010675399935955744,0.10332182700647402,0.010675399935955744,0.10332182700647402
967,0,val,16,0.008447591620785958,0.09191078076475011,0.01132477275433401,0.10641791557033059
967,1,val,14,0.014201953887882063,0.11917195092756543,0.01132477275433401,0.10641791557033059
967,-1,val,30,0.01132477275433401,0.10641791557033059,0.01132477275433401,0.10641791557033059
968,0,val,16,0.017837899302359492,0.13355859875859544,0.010735312074214413,0.10361135108767965
968,1,val,14,0.0036327248460693343,0.06027209010868409,0.010735312074214413,0.10361135108767965
968,-1,val,30,0.010735312074214413,0.10361135108767965,0.010735312074214413,0.10361135108767965
969,0,val,16,0.012572100538343742,0.11212537865418222,0.011154359336028345,0.10561420044685442
969,1,val,14,0.009736618133712948,0.09867430330999528,0.011154359336028345,0.10561420044685442
969,-1,val,30,0.011154359336028345,0.10561420044685442,0.011154359336028345,0.10561420044685442
970,0,val,16,0.013680056406941648,0.11696177327204665,0.01106026022729351,0.10516777180911227
970,1,val,14,0.00844046404764537,0.09187199816943882,0.01106026022729351,0.10516777180911227
970,-1,val,30,0.01106026022729351,0.10516777180911227,0.01106026022729351,0.10516777180911227
971,0,val,16,0.011861464956915613,0.10891035284542794,0.011127097421669969,0.10548505781232699
971,1,val,14,0.010392729886424326,0.10194473937592036,0.011127097421669969,0.10548505781232699
971,-1,val,30,0.011127097421669969,0.10548505781232699,0.011127097421669969,0.10548505781232699
972,0,val,16,0.011951776779825111,0.10932418204507689,0.011085993807722717,0.10529004609991734
972,1,val,14,0.010220210835620325,0.10109505841345721,0.011085993807722717,0.10529004609991734
972,-1,val,30,0.011085993807722717,0.10529004609991734,0.011085993807722717,0.10529004609991734
973,0,val,16,0.006815932889594693,0.08255866332248053,0.011461705187117682,0.10705935357136097
973,1,val,14,0.01610747748464067,0.12691523740134858,0.011461705187117682,0.10705935357136097
973,-1,val,30,0.011461705187117682,0.10705935357136097,0.011461705187117682,0.10705935357136097
974,0,val,16,0.004849846502471784,0.06964083932917368,0.011566051020489757,0.1075455764803451
974,1,val,14,0.01828225553850773,0.1352118912614853,0.011566051020489757,0.1075455764803451
974,-1,val,30,0.011566051020489757,0.1075455764803451,0.011566051020489757,0.1075455764803451
975,0,val,16,0.010984535586764778,0.10480713519014236,0.011119281999828668,0.10544800614439644
975,1,val,14,0.011254028412892558,0.10608500559877705,0.011119281999828668,0.10544800614439644
975,-1,val,30,0.011119281999828668,0.10544800614439644,0.011119281999828668,0.10544800614439644
976,0,val,16,0.009086810697951229,0.0953247643477351,0.01123549356960853,0.10599761115048079
976,1,val,14,0.013384176441265829,0.11569000147491497,0.01123549356960853,0.10599761115048079
976,-1,val,30,0.01123549356960853,0.10599761115048079,0.01123549356960853,0.10599761115048079
977,0,val,16,0.008985623180723308,0.0947925270299474,0.011296573237725562,0.10628533877127909
977,1,val,14,0.013607523294727815,0.11665128929732331,0.011296573237725562,0.10628533877127909
977,-1,val,30,0.011296573237725562,0.10628533877127909,0.011296573237725562,0.10628533877127909
978,0,val,16,0.01119670896623665,0.10581450262717607,0.011159305949683462,0.10563761616812196
978,1,val,14,0.011121902933130276,0.10546043302172751,0.011159305949683462,0.10563761616812196
978,-1,val,30,0.011159305949683462,0.10563761616812196,0.011159305949683462,0.10563761616812196
979,0,val,16,0.006830749560028636,0.08264834880400597,0.011427967881032206,0.1069016738925645
979,1,val,14,0.016025186202035777,0.12659062446340874,0.011427967881032206,0.1069016738925645
979,-1,val,30,0.011427967881032206,0.1069016738925645,0.011427967881032206,0.1069016738925645
980,0,val,16,0.009355140505893145,0.09672197529978978,0.01118562510872023,0.10576211565924837
980,1,val,14,0.013016109711547316,0.11408816639576304,0.01118562510872023,0.10576211565924837
980,-1,val,30,0.01118562510872023,0.10576211565924837,0.01118562510872023,0.10576211565924837
981,0,val,16,0.011542727284530676,0.10743708523843466,0.011041353678573541,0.10507784580287864
981,1,val,14,0.010539980072616409,0.10266440509064673,0.011041353678573541,0.10507784580287864
981,-1,val,30,0.011041353678573541,0.10507784580287864,0.011041353678573541,0.10507784580287864
982,0,val,16,0.003989172688532761,0.06315989778754207,0.011549883073145004,0.10747038230668488
982,1,val,14,0.019110593457757247,0.13824107008323266,0.011549883073145004,0.10747038230668488
982,-1,val,30,0.011549883073145004,0.10747038230668488,0.011549883073145004,0.10747038230668488
983,0,val,16,0.013433503239537606,0.11590299064104259,0.01083597528866636,0.10409599074251784
983,1,val,14,0.00823844733779511,0.09076589303144167,0.01083597528866636,0.10409599074251784
983,-1,val,30,0.01083597528866636,0.10409599074251784,0.01083597528866636,0.10409599074251784
984,0,val,16,0.009474464389461054,0.09733686038424012,0.011210148276553235,0.10587798768655
984,1,val,14,0.012945832163645414,0.11377975287214072,0.011210148276553235,0.10587798768655
984,-1,val,30,0.011210148276553235,0.10587798768655,0.011210148276553235,0.10587798768655
985,0,val,16,0.006481927740227716,0.08051042007235906,0.011445475884321536,0.10698353090229139
985,1,val,14,0.016409024028415358,0.1280977128149264,0.011445475884321536,0.10698353090229139
985,-1,val,30,0.011445475884321536,0.10698353090229139,0.011445475884321536,0.10698353090229139
986,0,val,16,0.015037450511054226,0.12262728289844077,0.010925111061927919,0.10452325608173484
986,1,val,14,0.006812771612801614,0.08253951546260502,0.010925111061927919,0.10452325608173484
986,-1,val,30,0.010925111061927919,0.10452325608173484,0.010925111061927919,0.10452325608173484
987,0,val,16,0.006337630479191144,0.07960923614249256,0.011461696097379629,0.10705931111948941
987,1,val,14,0.016585761715568116,0.12878572015393677,0.011461696097379629,0.10705931111948941
987,-1,val,30,0.011461696097379629,0.10705931111948941,0.011461696097379629,0.10705931111948941
988,0,val,16,0.010692633999009212,0.1034051932883896,0.011164544941809284,0.10566241025932203
988,1,val,14,0.011636455884609355,0.10787240557533402,0.011164544941809284,0.10566241025932203
988,-1,val,30,0.011164544941809284,0.10566241025932203,0.011164544941809284,0.10566241025932203
989,0,val,16,0.0173818638152661,0.13184029662916455,0.010655507512742817,0.10322551774025072
989,1,val,14,0.003929151210219536,0.06268294193972979,0.010655507512742817,0.10322551774025072
989,-1,val,30,0.010655507512742817,0.10322551774025072,0.010655507512742817,0.10322551774025072
990,0,val,16,0.014660690040675628,0.12108133646716833,0.010883573302584312,0.10432436581443624
990,1,val,14,0.007106456564492997,0.08429980168715107,0.010883573302584312,0.10432436581443624
990,-1,val,30,0.010883573302584312,0.10432436581443624,0.010883573302584312,0.10432436581443624
991,0,val,16,0.00929402391864273,0.09640551809228935,0.01120488374473342,0.10585312345289306
991,1,val,14,0.013115743570824111,0.11452398687971053,0.01120488374473342,0.10585312345289306
991,-1,val,30,0.01120488374473342,0.10585312345289306,0.01120488374473342,0.10585312345289306
992,0,val,16,0.010250252078462243,0.10124352857571808,0.011120566343920224,0.10545409590869491
992,1,val,14,0.011990880609378205,0.10950287945701795,0.011120566343920224,0.10545409590869491
992,-1,val,30,0.011120566343920224,0.10545409590869491,0.011120566343920224,0.10545409590869491
993,0,val,16,0.009456501443737626,0.09724454454486188,0.011243168116472298,0.10603380647921822
993,1,val,14,0.013029834789206971,0.11414830173597403,0.011243168116472298,0.10603380647921822
993,-1,val,30,0.011243168116472298,0.10603380647921822,0.011243168116472298,0.10603380647921822
994,0,val,16,0.016881178594551318,0.12992758981275424,0.010748234120340747,0.10367369058898572
994,1,val,14,0.0046152896461301735,0.06793592309029277,0.010748234120340747,0.10367369058898572
994,-1,val,30,0.010748234120340747,0.10367369058898572,0.010748234120340747,0.10367369058898572
995,0,val,16,0.005077653350608333,0.07125765468080136,0.011578899277476453,0.10760529391008815
995,1,val,14,0.018080145204344575,0.13446243045678066,0.011578899277476453,0.10760529391008815
995,-1,val,30,0.011578899277476453,0.10760529391008815,0.011578899277476453,0.10760529391008815
996,0,val,16,0.007080086923553328,0.08414325239467112,0.011385721721349443,0.10670389740468454
996,1,val,14,0.01569135651914556,0.1252651448693752,0.011385721721349443,0.10670389740468454
996,-1,val,30,0.011385721721349443,0.10670389740468454,0.011385721721349443,0.10670389740468454
997,0,val,16,0.012536238397166753,0.11196534462576692,0.010937068685554571,0.10458044121897063
997,1,val,14,0.00933789897394239,0.09663280485395417,0.010937068685554571,0.10458044121897063
997,-1,val,30,0.010937068685554571,0.10458044121897063,0.010937068685554571,0.10458044121897063
998,0,val,16,0.009359529922154733,0.09674466353321372,0.011119587587666856,0.10544945513214782
998,1,val,14,0.01287964525317898,0.11348852476430812,0.011119587587666856,0.10544945513214782
998,-1,val,30,0.011119587587666856,0.10544945513214782,0.011119587587666856,0.10544945513214782
999,0,val,16,0.012166491731324067,0.11030182106984485,0.010938224470959153,0.10458596689307392
999,1,val,14,0.009709957210594242,0.09853911512995356,0.010938224470959153,0.10458596689307392
999,-1,val,30,0.010938224470959153,0.10458596689307392,0.010938224470959153,0.10458596689307392
1000,0,val,16,0.009521640758018677,0.09757889504405487,0.011201301849522548,0.10583620292472018
1000,1,val,14,0.01288096294102642,0.1134943299950549,0.011201301849522548,0.10583620292472018
1000,-1,val,30,0.011201301849522548,0.10583620292472018,0.011201301849522548,0.10583620292472018
